234,593,0,-4,-21,-47,-12,-61,-61,-30,-98,-68,-47,-130,-70,38,-121,-29,33,-177,-46,26,-215,-56,14,-245,-62,24,-127,-13,36,-185,-32,33,-223,-42,30,-254,-43,7,-122,-3,-18,-153,-35,-26,-123,-44,-22,-102,-38,-7,-110,4,-30,-130,-24,-35,-107,-29,-28,-88,-24
234,593,0,-1,-19,-48,-7,-61,-62,-28,-101,-67,-48,-132,-69,38,-123,-26,33,-176,-43,25,-214,-54,12,-244,-59,23,-129,-10,35,-185,-29,32,-224,-39,28,-255,-40,5,-123,1,-18,-155,-32,-27,-127,-43,-24,-107,-37,-11,-111,8,-32,-132,-21,-36,-111,-27,-32,-92,-22
233,592,0,-1,-20,-49,-7,-62,-62,-27,-100,-68,-47,-131,-69,39,-123,-27,33,-176,-43,24,-213,-54,12,-243,-59,24,-128,-10,35,-184,-28,32,-222,-38,28,-253,-40,6,-122,1,-17,-154,-31,-25,-125,-42,-21,-106,-36,-9,-111,9,-31,-131,-19,-35,-109,-25,-29,-90,-21
232,588,0,7,-19,-43,2,-59,-57,-20,-96,-65,-40,-127,-69,42,-121,-25,36,-175,-44,26,-212,-56,12,-241,-62,24,-127,-13,36,-182,-34,32,-220,-45,26,-251,-47,4,-120,-6,-18,-149,-40,-25,-120,-50,-21,-99,-43,-14,-108,-3,-34,-128,-30,-36,-106,-34,-30,-89,-29
233,586,0,7,-18,-44,2,-55,-59,-21,-92,-68,-40,-125,-74,42,-119,-28,35,-171,-47,25,-208,-60,10,-238,-66,25,-125,-15,35,-181,-36,31,-219,-48,26,-250,-50,4,-119,-8,-17,-148,-41,-26,-119,-51,-23,-97,-45,-14,-107,-3,-34,-126,-31,-38,-104,-36,-33,-86,-31
255,585,0,19,-26,-47,19,-75,-55,-1,-111,-53,-28,-140,-47,28,-135,-21,14,-189,-37,0,-223,-47,-15,-251,-51,6,-131,-7,7,-194,-20,4,-231,-28,-1,-260,-30,-16,-117,0,-33,-142,-32,-22,-109,-46,-10,-89,-43,-32,-97,4,-41,-116,-22,-29,-93,-29,-22,-73,-25
255,586,0,21,-27,-45,20,-77,-52,-2,-113,-51,-29,-139,-45,28,-135,-21,15,-190,-36,1,-224,-47,-14,-252,-51,6,-131,-8,7,-195,-21,3,-232,-30,-1,-261,-32,-16,-117,-2,-31,-144,-33,-20,-112,-47,-9,-93,-44,-31,-98,1,-38,-118,-24,-26,-95,-30,-18,-75,-27
256,586,0,20,-27,-46,20,-76,-54,-1,-113,-54,-29,-141,-49,28,-137,-22,16,-192,-37,4,-227,-47,-9,-255,-52,6,-133,-9,5,-195,-22,2,-231,-30,-2,-260,-31,-17,-119,-2,-32,-144,-33,-21,-113,-45,-10,-94,-42,-32,-98,1,-40,-118,-25,-29,-95,-30,-21,-77,-26
256,586,0,20,-27,-46,20,-76,-54,-1,-113,-53,-28,-142,-48,29,-136,-22,16,-192,-37,3,-226,-47,-10,-255,-52,6,-133,-8,6,-195,-21,2,-231,-29,-2,-260,-31,-17,-118,-1,-32,-145,-32,-21,-114,-44,-10,-95,-41,-33,-98,2,-40,-118,-24,-29,-96,-29,-21,-77,-25
257,584,0,19,-26,-52,19,-75,-60,-2,-111,-57,-28,-140,-49,28,-136,-24,14,-190,-38,-1,-223,-48,-16,-251,-52,7,-132,-6,8,-195,-17,5,-230,-25,1,-258,-27,-16,-118,4,-32,-143,-27,-22,-111,-42,-10,-92,-40,-31,-99,11,-41,-117,-16,-30,-94,-24,-22,-75,-23
258,585,0,18,-27,-49,19,-76,-57,-2,-112,-55,-29,-140,-48,27,-137,-22,13,-190,-36,-1,-224,-46,-15,-252,-51,5,-132,-6,5,-194,-18,1,-231,-27,-3,-259,-29,-17,-117,3,-32,-143,-28,-22,-111,-43,-11,-93,-42,-32,-98,8,-40,-117,-18,-29,-94,-25,-20,-75,-23
255,585,0,20,-26,-50,21,-74,-59,0,-111,-59,-27,-139,-53,31,-135,-25,18,-191,-41,6,-225,-51,-7,-254,-56,9,-133,-9,9,-194,-23,6,-231,-31,3,-260,-32,-14,-120,0,-31,-145,-32,-23,-112,-45,-12,-92,-41,-29,-102,6,-40,-119,-22,-31,-96,-28,-24,-76,-25
258,587,0,18,-27,-49,19,-76,-57,-1,-114,-56,-28,-142,-50,27,-137,-22,15,-191,-37,2,-226,-47,-11,-254,-52,6,-133,-7,6,-196,-20,3,-232,-28,0,-261,-30,-16,-120,1,-32,-146,-30,-21,-112,-43,-10,-93,-40,-31,-101,6,-41,-120,-20,-30,-96,-27,-22,-77,-24
257,585,0,20,-26,-51,20,-75,-60,-1,-112,-59,-27,-141,-53,29,-135,-24,16,-190,-40,3,-223,-50,-11,-252,-55,7,-132,-8,8,-194,-21,5,-230,-30,2,-259,-32,-16,-117,1,-32,-143,-31,-22,-109,-45,-10,-90,-43,-31,-99,7,-41,-116,-21,-30,-92,-28,-21,-73,-25
257,586,0,19,-25,-48,19,-73,-56,-1,-110,-56,-29,-137,-51,30,-136,-21,17,-190,-36,4,-223,-46,-10,-252,-51,8,-133,-7,10,-196,-20,8,-232,-29,6,-261,-31,-14,-118,0,-30,-144,-33,-20,-110,-46,-8,-91,-42,-30,-99,4,-39,-119,-23,-28,-95,-29,-20,-76,-25
256,588,0,20,-27,-46,21,-76,-53,0,-112,-52,-27,-138,-46,31,-137,-19,18,-191,-33,5,-226,-43,-8,-255,-48,9,-134,-5,11,-196,-19,9,-233,-27,6,-262,-29,-13,-119,1,-30,-144,-32,-20,-111,-46,-9,-91,-42,-29,-99,4,-39,-119,-24,-28,-95,-30,-20,-76,-27
258,587,0,17,-26,-52,18,-74,-60,-2,-110,-57,-28,-138,-50,29,-135,-23,16,-189,-37,3,-224,-46,-10,-253,-50,8,-132,-5,9,-195,-16,7,-231,-24,4,-260,-25,-14,-119,5,-31,-144,-25,-22,-111,-40,-11,-91,-37,-29,-102,12,-40,-119,-15,-30,-95,-22,-21,-76,-21
258,588,0,17,-25,-52,18,-74,-60,-2,-110,-59,-28,-139,-53,29,-135,-24,16,-189,-38,3,-224,-47,-10,-253,-52,8,-132,-6,10,-194,-18,8,-232,-26,5,-261,-28,-14,-119,3,-31,-144,-27,-22,-111,-41,-11,-91,-39,-30,-101,10,-40,-120,-16,-30,-96,-24,-22,-77,-22
258,590,0,18,-25,-51,19,-75,-60,-1,-112,-59,-28,-141,-53,30,-136,-23,17,-190,-38,3,-224,-48,-10,-253,-53,8,-134,-7,9,-196,-19,8,-233,-28,7,-262,-30,-15,-120,2,-31,-148,-30,-21,-113,-44,-10,-93,-41,-30,-102,7,-40,-121,-21,-30,-96,-28,-21,-77,-26
257,591,0,20,-26,-46,21,-75,-55,1,-112,-55,-26,-141,-51,30,-137,-21,18,-192,-37,4,-225,-47,-10,-254,-52,8,-134,-8,10,-197,-22,9,-233,-30,7,-262,-32,-14,-120,-2,-30,-147,-33,-19,-115,-46,-9,-95,-43,-30,-101,2,-38,-120,-25,-27,-96,-31,-18,-77,-28
256,592,0,21,-27,-47,22,-76,-55,2,-113,-55,-26,-141,-49,31,-138,-21,19,-192,-36,6,-225,-46,-9,-254,-51,9,-135,-7,11,-197,-20,10,-233,-28,8,-262,-30,-13,-121,0,-29,-148,-31,-19,-116,-44,-8,-96,-42,-29,-102,3,-37,-121,-23,-26,-97,-29,-18,-79,-26
256,593,0,20,-26,-51,22,-75,-61,3,-113,-60,-22,-144,-54,31,-135,-27,19,-190,-42,6,-225,-53,-8,-255,-58,9,-132,-10,11,-196,-23,11,-232,-32,9,-262,-34,-13,-119,-1,-28,-146,-31,-18,-113,-45,-7,-95,-42,-28,-101,5,-37,-120,-20,-26,-98,-26,-19,-81,-24
256,592,0,20,-26,-54,21,-75,-62,2,-112,-60,-23,-143,-52,31,-136,-26,18,-190,-40,5,-224,-50,-9,-253,-55,9,-132,-8,12,-196,-19,12,-233,-27,11,-262,-29,-14,-119,3,-29,-146,-28,-19,-112,-43,-8,-94,-41,-29,-100,9,-39,-120,-17,-28,-97,-25,-20,-78,-23
257,594,0,19,-27,-50,20,-78,-56,2,-114,-52,-24,-143,-43,31,-138,-20,18,-192,-33,5,-226,-43,-8,-255,-47,10,-134,-4,11,-197,-14,11,-233,-22,10,-262,-23,-13,-120,5,-28,-146,-26,-18,-113,-40,-7,-95,-38,-28,-101,10,-36,-121,-16,-25,-97,-23,-17,-79,-22
257,594,0,20,-27,-49,21,-77,-56,3,-113,-53,-22,-143,-45,30,-139,-20,17,-193,-33,5,-227,-42,-7,-256,-46,9,-135,-4,11,-198,-14,10,-234,-21,9,-263,-22,-14,-122,4,-30,-148,-26,-20,-115,-40,-9,-96,-38,-30,-103,9,-38,-122,-18,-27,-98,-25,-19,-79,-23
258,595,0,19,-26,-53,20,-76,-62,2,-113,-60,-23,-144,-52,30,-136,-27,17,-190,-42,4,-225,-52,-10,-255,-57,9,-133,-9,11,-197,-20,10,-233,-29,8,-263,-32,-13,-120,2,-29,-147,-28,-21,-115,-43,-10,-96,-42,-28,-102,9,-38,-120,-17,-28,-98,-25,-20,-80,-24
255,594,0,22,-26,-51,24,-75,-58,4,-111,-55,-21,-140,-46,33,-135,-25,21,-190,-39,8,-225,-48,-5,-255,-53,11,-133,-7,13,-194,-18,10,-231,-27,7,-260,-29,-12,-120,3,-28,-146,-26,-20,-115,-42,-10,-96,-41,-28,-103,10,-36,-121,-15,-26,-100,-24,-19,-82,-23
255,595,0,21,-27,-49,22,-77,-56,3,-113,-53,-22,-142,-45,31,-136,-22,18,-191,-36,6,-226,-46,-6,-256,-50,10,-134,-7,11,-196,-18,10,-232,-26,9,-262,-27,-13,-121,1,-29,-148,-30,-18,-114,-44,-6,-96,-41,-28,-103,5,-37,-121,-22,-25,-97,-29,-17,-79,-27
255,593,0,20,-25,-53,21,-75,-60,3,-111,-56,-21,-141,-47,32,-135,-25,18,-189,-39,6,-224,-48,-6,-254,-53,11,-131,-7,13,-194,-18,11,-230,-26,9,-260,-27,-11,-118,3,-27,-144,-28,-17,-110,-43,-5,-92,-41,-26,-101,10,-35,-117,-17,-25,-94,-26,-16,-76,-26
256,593,0,20,-25,-54,20,-74,-62,1,-110,-61,-24,-140,-54,30,-134,-26,17,-190,-39,5,-225,-48,-6,-255,-53,9,-130,-8,9,-193,-18,7,-230,-26,5,-259,-29,-14,-117,2,-29,-143,-28,-18,-110,-44,-7,-91,-43,-29,-99,9,-38,-118,-18,-26,-95,-26,-18,-76,-26
256,594,0,19,-25,-53,20,-74,-62,2,-111,-61,-23,-141,-54,30,-134,-25,17,-189,-39,4,-224,-49,-10,-253,-54,9,-130,-8,10,-193,-19,9,-230,-27,7,-260,-30,-13,-117,2,-29,-143,-29,-18,-110,-43,-6,-90,-42,-29,-99,8,-37,-119,-18,-26,-96,-25,-18,-77,-24
255,594,0,20,-24,-51,21,-72,-60,3,-109,-59,-23,-138,-53,32,-133,-24,19,-186,-38,5,-221,-48,-9,-250,-54,11,-130,-7,13,-193,-19,13,-229,-28,12,-259,-30,-12,-118,2,-27,-144,-30,-18,-110,-44,-7,-90,-41,-27,-100,7,-36,-119,-19,-26,-95,-26,-19,-76,-24
255,593,0,20,-23,-51,22,-72,-60,3,-108,-59,-22,-138,-52,32,-132,-25,19,-186,-40,6,-221,-50,-7,-251,-55,11,-129,-8,12,-192,-21,12,-229,-29,10,-258,-32,-11,-117,1,-27,-143,-30,-17,-109,-45,-6,-90,-43,-27,-100,6,-36,-118,-20,-25,-94,-27,-18,-75,-25
256,596,0,20,-25,-52,20,-74,-59,1,-110,-57,-25,-138,-49,33,-134,-23,20,-188,-37,7,-222,-47,-7,-252,-51,12,-131,-6,14,-193,-18,13,-230,-26,11,-259,-28,-11,-118,3,-27,-144,-28,-18,-110,-44,-7,-91,-42,-27,-101,9,-36,-119,-18,-26,-96,-27,-18,-78,-26
255,595,0,20,-24,-50,22,-73,-58,2,-109,-57,-25,-136,-50,33,-134,-23,20,-188,-37,7,-222,-47,-6,-252,-52,11,-132,-7,14,-193,-19,13,-229,-27,11,-258,-29,-12,-119,2,-26,-145,-29,-17,-112,-43,-6,-93,-41,-28,-102,7,-35,-119,-20,-25,-95,-27,-17,-78,-26
258,597,0,19,-25,-48,19,-74,-56,-1,-110,-55,-28,-139,-49,31,-137,-19,18,-190,-32,5,-223,-41,-9,-251,-46,9,-134,-4,12,-196,-15,12,-232,-23,10,-260,-25,-13,-119,3,-28,-145,-27,-18,-112,-41,-8,-93,-38,-29,-99,7,-37,-120,-19,-27,-96,-25,-19,-76,-22
257,597,0,19,-25,-51,20,-74,-60,-1,-110,-59,-28,-138,-53,33,-137,-21,19,-190,-34,6,-223,-43,-8,-252,-48,11,-134,-4,14,-197,-15,14,-233,-23,13,-262,-24,-12,-120,4,-27,-145,-26,-18,-112,-40,-8,-93,-38,-28,-101,10,-36,-120,-17,-26,-95,-23,-18,-76,-21
256,599,0,20,-25,-51,21,-74,-60,1,-112,-59,-25,-142,-53,35,-136,-23,23,-190,-37,9,-224,-47,-5,-254,-52,13,-134,-7,18,-197,-19,17,-234,-27,15,-264,-28,-9,-121,2,-25,-148,-29,-17,-114,-42,-8,-95,-39,-25,-104,7,-35,-123,-19,-26,-98,-25,-18,-78,-21
252,593,0,23,-25,-52,25,-74,-61,1,-113,-60,-24,-145,-54,40,-135,-23,28,-189,-39,16,-225,-49,3,-255,-55,16,-134,-7,19,-195,-21,18,-233,-29,18,-263,-30,-8,-121,2,-25,-149,-33,-19,-114,-46,-8,-93,-42,-26,-104,7,-37,-123,-24,-28,-96,-31,-21,-76,-27
255,593,0,19,-25,-48,20,-74,-56,-1,-112,-56,-27,-142,-51,35,-138,-19,24,-191,-34,12,-226,-44,-2,-255,-50,12,-135,-5,16,-197,-18,15,-233,-26,14,-263,-28,-11,-121,2,-27,-148,-31,-19,-114,-43,-8,-93,-40,-29,-102,5,-38,-122,-23,-29,-97,-29,-21,-76,-25
268,388,0,26,-32,-48,32,-89,-55,14,-136,-52,-14,-171,-44,44,-144,-20,37,-209,-31,30,-247,-38,23,-280,-41,20,-144,-4,24,-209,-12,26,-249,-18,28,-280,-19,-5,-133,5,-17,-166,-23,-9,-133,-36,-1,-111,-34,-23,-117,11,-27,-143,-15,-18,-120,-23,-13,-99,-21
267,388,0,27,-31,-48,34,-89,-55,15,-136,-52,-13,-171,-44,45,-143,-21,39,-209,-32,33,-247,-38,26,-280,-41,21,-144,-5,25,-210,-13,27,-249,-19,27,-280,-19,-4,-133,4,-16,-167,-24,-8,-133,-36,0,-111,-33,-22,-117,9,-27,-143,-16,-17,-119,-22,-12,-99,-20
267,385,0,26,-32,-47,32,-88,-53,15,-134,-50,-11,-169,-42,47,-140,-19,39,-206,-30,31,-244,-37,23,-278,-40,23,-140,-3,28,-207,-12,30,-247,-19,31,-278,-20,-1,-130,5,-13,-163,-23,-5,-128,-36,4,-106,-33,-20,-114,11,-24,-139,-14,-15,-115,-21,-10,-95,-19
268,384,0,25,-31,-52,32,-90,-57,13,-135,-51,-15,-169,-39,45,-142,-21,38,-208,-31,31,-248,-37,25,-281,-39,21,-141,-2,24,-207,-8,25,-246,-13,26,-277,-13,-4,-129,9,-17,-162,-19,-9,-128,-33,0,-107,-31,-22,-114,17,-29,-137,-10,-20,-113,-19,-16,-93,-19
267,386,0,26,-33,-49,33,-91,-53,14,-136,-48,-12,-171,-37,47,-144,-18,38,-209,-27,30,-247,-33,22,-280,-35,23,-144,0,26,-210,-7,27,-249,-11,28,-280,-11,-1,-132,9,-17,-164,-19,-10,-129,-33,0,-107,-31,-19,-116,15,-28,-141,-11,-20,-117,-20,-15,-96,-19
266,385,0,26,-30,-50,33,-88,-56,16,-135,-53,-12,-169,-44,46,-141,-25,39,-207,-37,31,-246,-45,24,-280,-48,22,-141,-8,26,-208,-18,28,-248,-24,29,-279,-25,-4,-130,2,-17,-163,-28,-10,-128,-41,-2,-106,-38,-22,-115,8,-28,-140,-19,-19,-116,-26,-13,-95,-24
266,384,0,26,-30,-47,34,-88,-54,17,-133,-51,-12,-167,-43,45,-142,-21,38,-206,-33,30,-244,-40,22,-277,-43,22,-141,-6,27,-208,-15,30,-248,-21,32,-279,-21,-3,-130,2,-14,-163,-27,-7,-128,-39,1,-106,-35,-21,-114,7,-25,-138,-19,-16,-115,-25,-11,-95,-23
267,385,0,24,-32,-47,32,-89,-54,13,-136,-53,-16,-168,-46,43,-143,-22,36,-208,-35,29,-246,-43,22,-279,-47,19,-143,-7,23,-208,-17,25,-247,-24,26,-278,-25,-6,-131,2,-19,-163,-27,-12,-130,-39,-4,-109,-36,-23,-114,7,-30,-139,-19,-21,-117,-25,-16,-97,-23
266,385,0,25,-31,-49,33,-88,-56,15,-134,-53,-13,-167,-46,46,-142,-23,39,-206,-35,32,-244,-43,24,-277,-47,22,-142,-7,26,-208,-17,27,-248,-23,28,-278,-24,-3,-131,2,-15,-165,-26,-10,-132,-38,-3,-111,-36,-20,-115,8,-26,-141,-16,-18,-120,-23,-13,-100,-21
267,386,0,25,-33,-45,31,-91,-50,11,-135,-46,-16,-167,-36,43,-143,-17,35,-206,-28,28,-245,-35,21,-277,-38,19,-142,-3,21,-207,-11,23,-247,-16,25,-278,-16,-6,-130,5,-19,-160,-24,-11,-126,-37,-2,-105,-33,-24,-113,10,-31,-135,-17,-22,-112,-24,-17,-92,-23
269,393,0,24,-31,-45,30,-87,-51,13,-133,-50,-14,-164,-44,41,-142,-20,33,-206,-34,24,-245,-43,16,-277,-47,18,-140,-8,21,-207,-18,23,-247,-25,25,-279,-27,-7,-127,-1,-18,-158,-29,-8,-126,-41,2,-105,-38,-25,-107,2,-29,-133,-21,-19,-112,-25,-14,-92,-22
266,392,0,26,-30,-47,32,-86,-54,15,-133,-52,-13,-166,-45,45,-140,-22,38,-206,-34,31,-245,-42,24,-278,-45,21,-140,-7,23,-206,-18,23,-246,-24,23,-277,-24,-3,-128,1,-16,-158,-29,-8,-125,-40,1,-103,-36,-21,-111,6,-26,-135,-19,-17,-112,-25,-12,-91,-21
206,347,0,24,-29,-31,28,-84,-38,11,-126,-41,-19,-153,-41,26,-131,-10,14,-187,-23,4,-224,-31,-8,-253,-36,5,-128,-4,6,-190,-18,10,-228,-26,10,-259,-28,-16,-115,-4,-19,-148,-32,-4,-121,-39,2,-101,-33,-34,-97,-5,-26,-122,-28,-12,-103,-30,-7,-85,-25
206,348,0,24,-29,-30,30,-83,-36,14,-123,-39,-13,-151,-39,27,-130,-13,16,-186,-28,6,-223,-37,-5,-253,-43,7,-127,-8,7,-188,-23,10,-227,-32,9,-258,-35,-15,-115,-8,-19,-149,-36,-4,-124,-43,3,-104,-38,-32,-97,-10,-27,-123,-32,-14,-106,-34,-8,-88,-30
206,346,0,23,-29,-30,29,-82,-38,14,-124,-44,-17,-151,-46,26,-129,-12,15,-186,-26,6,-223,-36,-6,-252,-41,5,-126,-7,5,-188,-24,9,-226,-33,9,-258,-35,-16,-114,-7,-20,-146,-36,-5,-121,-43,3,-100,-37,-33,-97,-8,-26,-121,-32,-13,-103,-35,-7,-86,-30
207,343,0,23,-30,-29,29,-85,-34,9,-124,-36,-21,-149,-35,26,-130,-7,15,-186,-19,7,-221,-27,-4,-249,-30,6,-126,-2,6,-187,-15,9,-224,-23,8,-254,-24,-14,-113,-2,-18,-147,-30,-5,-120,-37,1,-100,-31,-31,-94,-5,-26,-122,-27,-13,-102,-28,-9,-84,-23
210,344,0,22,-31,-27,26,-87,-32,6,-127,-35,-25,-150,-35,23,-131,-5,12,-187,-15,4,-222,-23,-7,-251,-27,3,-127,-1,2,-188,-13,6,-225,-20,5,-255,-22,-18,-112,-2,-21,-147,-29,-5,-120,-36,1,-99,-31,-35,-93,-5,-28,-121,-27,-15,-101,-29,-11,-83,-24
209,345,0,24,-31,-28,28,-86,-32,8,-125,-34,-21,-150,-32,28,-130,-5,18,-186,-15,9,-221,-23,-3,-250,-27,7,-127,-1,6,-187,-13,7,-224,-21,4,-254,-24,-15,-113,-1,-19,-148,-29,-5,-122,-36,1,-102,-31,-33,-95,-4,-28,-123,-26,-15,-104,-27,-12,-86,-23
208,344,0,24,-30,-29,29,-84,-35,11,-124,-39,-18,-150,-39,26,-130,-6,15,-186,-16,6,-221,-24,-6,-250,-28,6,-126,-1,7,-187,-13,11,-225,-21,10,-256,-23,-15,-113,0,-19,-147,-28,-4,-121,-36,3,-100,-30,-32,-95,-2,-26,-122,-26,-13,-103,-28,-9,-84,-24
209,346,0,22,-30,-34,28,-85,-40,10,-126,-42,-21,-151,-40,25,-131,-8,14,-188,-18,6,-224,-25,-3,-252,-28,4,-127,0,4,-188,-9,9,-224,-15,9,-254,-16,-16,-113,3,-20,-145,-23,-5,-118,-31,1,-98,-26,-32,-95,3,-28,-122,-19,-15,-103,-21,-11,-84,-16
210,345,0,23,-33,-33,27,-88,-36,8,-126,-36,-24,-149,-31,24,-133,-5,14,-188,-14,6,-223,-21,-4,-251,-24,4,-128,2,4,-189,-6,8,-225,-12,9,-254,-13,-16,-114,4,-20,-146,-22,-5,-118,-30,1,-98,-26,-33,-95,4,-29,-123,-17,-15,-103,-19,-11,-83,-14
210,348,0,24,-30,-36,29,-84,-42,12,-124,-44,-17,-151,-41,29,-131,-12,18,-187,-24,7,-223,-32,-4,-252,-37,8,-128,-4,8,-188,-15,11,-226,-22,12,-256,-24,-14,-113,-1,-18,-144,-29,-4,-115,-38,2,-96,-33,-32,-95,-1,-28,-119,-23,-16,-100,-26,-13,-83,-21
211,349,0,23,-31,-34,29,-86,-40,12,-126,-40,-18,-151,-38,27,-131,-8,16,-187,-18,7,-223,-25,-3,-253,-28,7,-127,0,8,-187,-9,11,-223,-15,11,-254,-16,-14,-114,3,-20,-148,-22,-5,-122,-30,2,-104,-25,-31,-97,3,-29,-125,-17,-16,-107,-19,-12,-89,-15
212,347,0,23,-30,-36,28,-85,-42,11,-125,-44,-20,-149,-41,26,-131,-8,15,-187,-18,6,-223,-24,-4,-252,-28,5,-127,2,6,-186,-7,10,-222,-13,11,-253,-14,-16,-113,5,-21,-146,-21,-6,-118,-28,1,-100,-24,-33,-96,6,-30,-121,-16,-17,-102,-18,-14,-84,-14
212,349,0,22,-31,-36,28,-84,-41,12,-125,-42,-17,-151,-38,27,-131,-9,17,-187,-18,8,-223,-26,-2,-253,-29,7,-127,1,8,-185,-8,12,-222,-14,13,-253,-16,-14,-114,4,-18,-147,-20,-6,-121,-30,0,-102,-27,-31,-96,5,-29,-124,-15,-17,-107,-18,-13,-89,-15
213,348,0,22,-31,-33,27,-84,-40,11,-126,-43,-19,-152,-43,26,-132,-7,15,-188,-18,7,-223,-26,-2,-252,-30,5,-128,1,6,-186,-11,11,-222,-18,13,-253,-20,-16,-114,3,-19,-146,-24,-5,-120,-31,2,-100,-26,-33,-97,2,-29,-121,-20,-16,-102,-22,-12,-84,-17
211,348,0,24,-31,-37,30,-86,-41,11,-125,-40,-19,-149,-34,30,-130,-12,21,-188,-23,12,-223,-30,2,-252,-33,9,-126,-2,10,-186,-11,10,-223,-17,10,-253,-18,-12,-114,2,-19,-146,-24,-6,-119,-33,2,-101,-29,-29,-97,3,-28,-124,-18,-15,-106,-20,-10,-88,-16
212,348,0,25,-31,-30,31,-87,-36,11,-127,-38,-20,-152,-37,29,-129,-7,18,-186,-18,8,-221,-26,-2,-251,-30,8,-125,-1,7,-185,-13,11,-222,-21,12,-252,-23,-14,-112,0,-19,-146,-28,-4,-118,-35,3,-97,-31,-32,-96,-1,-27,-123,-24,-14,-104,-26,-10,-86,-21
213,349,0,24,-30,-31,30,-85,-37,12,-127,-41,-18,-151,-42,26,-132,-6,15,-187,-17,6,-223,-24,-3,-251,-29,6,-128,0,5,-186,-12,10,-221,-20,12,-251,-22,-15,-114,1,-18,-148,-26,-2,-124,-33,5,-104,-29,-32,-96,-1,-26,-122,-23,-13,-105,-26,-7,-88,-22
214,349,0,24,-30,-35,29,-86,-41,9,-127,-44,-24,-152,-42,27,-134,-8,16,-189,-18,8,-225,-25,-1,-253,-29,5,-129,0,4,-189,-10,9,-223,-16,10,-252,-17,-16,-114,3,-21,-146,-25,-5,-119,-32,2,-100,-27,-33,-96,3,-28,-122,-20,-15,-102,-22,-11,-83,-17
215,350,0,23,-32,-32,28,-87,-38,9,-127,-41,-23,-152,-40,27,-132,-5,16,-188,-14,7,-223,-21,-3,-253,-25,6,-128,2,6,-189,-8,10,-225,-16,11,-254,-18,-16,-114,4,-22,-147,-23,-6,-118,-32,2,-97,-27,-34,-95,4,-30,-123,-19,-17,-103,-21,-13,-84,-16
214,349,0,22,-33,-31,27,-87,-36,8,-128,-39,-23,-152,-37,26,-132,-3,15,-188,-12,7,-222,-19,-1,-251,-23,5,-127,4,3,-185,-6,7,-220,-13,7,-250,-15,-16,-113,6,-20,-145,-20,-6,-118,-28,0,-98,-24,-33,-95,6,-29,-121,-16,-18,-101,-18,-15,-83,-13
214,349,0,23,-33,-34,27,-86,-39,8,-126,-40,-22,-151,-38,27,-133,-4,16,-188,-13,7,-223,-20,-2,-252,-24,5,-127,5,3,-184,-4,6,-220,-11,7,-250,-14,-16,-112,8,-21,-143,-18,-7,-116,-27,0,-97,-24,-33,-93,8,-31,-118,-13,-20,-99,-16,-16,-81,-12
213,350,0,24,-31,-37,29,-86,-42,11,-126,-41,-20,-150,-35,30,-132,-11,21,-190,-21,13,-226,-29,3,-256,-33,8,-128,-1,10,-187,-11,11,-224,-18,10,-254,-20,-15,-115,3,-20,-147,-24,-8,-119,-34,-1,-100,-31,-32,-97,5,-30,-124,-18,-17,-106,-21,-12,-88,-18
213,350,0,23,-32,-32,28,-87,-38,11,-127,-39,-21,-150,-38,26,-133,-7,17,-190,-17,9,-225,-25,1,-254,-29,5,-129,0,5,-187,-10,9,-223,-17,10,-253,-18,-16,-115,2,-21,-146,-24,-8,-117,-32,-1,-98,-27,-33,-96,2,-30,-121,-20,-18,-102,-21,-15,-84,-16
215,348,0,24,-32,-31,30,-85,-37,10,-125,-39,-20,-149,-37,32,-131,-7,22,-187,-19,12,-221,-27,1,-250,-32,10,-128,-1,10,-188,-13,11,-223,-21,10,-252,-24,-12,-114,0,-18,-146,-28,-4,-118,-36,3,-99,-32,-31,-95,-2,-27,-120,-24,-15,-101,-25,-11,-83,-21
216,348,0,23,-32,-33,29,-87,-38,11,-127,-38,-18,-151,-35,29,-131,-12,20,-188,-24,12,-224,-32,3,-254,-37,9,-127,-5,10,-186,-16,12,-222,-23,12,-252,-25,-12,-114,-3,-17,-145,-29,-5,-120,-37,3,-102,-33,-29,-96,-3,-26,-121,-24,-14,-105,-27,-9,-89,-23
217,347,0,23,-32,-34,28,-87,-39,11,-127,-39,-19,-150,-36,27,-132,-11,18,-189,-22,10,-224,-29,2,-253,-33,7,-127,-3,6,-185,-13,8,-221,-20,9,-250,-21,-15,-113,0,-19,-144,-26,-6,-117,-35,2,-100,-31,-31,-94,0,-29,-118,-22,-16,-101,-24,-11,-84,-20
458,333,0,31,-30,-23,41,-95,-29,26,-143,-34,-6,-170,-36,33,-134,-12,27,-202,-25,22,-244,-33,12,-279,-37,11,-135,-11,15,-208,-30,25,-251,-38,28,-286,-41,-12,-125,-14,-7,-172,-45,7,-138,-46,9,-113,-38,-31,-111,-19,-13,-143,-43,1,-119,-42,1,-98,-36
460,329,0,30,-32,-25,41,-95,-30,23,-141,-35,-9,-168,-36,33,-136,-11,28,-202,-25,23,-244,-33,15,-279,-38,11,-135,-10,13,-206,-28,20,-247,-38,21,-281,-41,-12,-124,-13,-8,-167,-44,7,-135,-48,10,-111,-40,-31,-108,-17,-15,-140,-42,1,-117,-41,3,-96,-34
459,330,0,32,-31,-23,41,-95,-28,25,-143,-32,-6,-169,-34,32,-135,-9,27,-200,-22,22,-241,-29,13,-276,-34,11,-135,-8,14,-206,-25,24,-249,-34,29,-283,-36,-11,-125,-12,-5,-169,-41,9,-137,-44,12,-111,-36,-30,-110,-16,-12,-143,-40,3,-120,-40,5,-98,-33
460,330,0,31,-31,-24,41,-94,-30,25,-142,-35,-7,-168,-37,31,-132,-12,26,-199,-26,21,-241,-34,13,-276,-38,11,-132,-12,14,-205,-30,23,-247,-39,26,-282,-41,-12,-122,-14,-7,-167,-44,8,-136,-46,11,-110,-38,-30,-108,-18,-14,-142,-41,1,-120,-40,4,-98,-34
459,329,0,31,-32,-23,41,-94,-28,26,-140,-33,-4,-165,-34,33,-135,-11,27,-200,-25,22,-241,-33,13,-275,-37,12,-134,-11,16,-206,-28,25,-247,-37,29,-282,-40,-11,-124,-14,-7,-168,-44,7,-135,-46,10,-110,-38,-30,-108,-18,-14,-140,-42,0,-116,-41,1,-96,-34
460,330,0,31,-32,-24,40,-95,-29,25,-142,-33,-6,-168,-35,32,-135,-12,28,-202,-26,24,-243,-34,17,-278,-39,11,-135,-12,13,-206,-30,21,-247,-39,24,-282,-42,-12,-124,-15,-8,-168,-45,8,-135,-47,11,-109,-39,-31,-108,-19,-14,-140,-43,2,-117,-43,4,-96,-36
460,331,0,30,-31,-24,39,-95,-30,23,-142,-35,-8,-169,-37,32,-135,-13,28,-201,-27,24,-243,-36,17,-278,-41,10,-135,-12,12,-204,-31,19,-245,-41,21,-280,-45,-14,-124,-15,-8,-168,-46,8,-136,-49,12,-110,-41,-32,-109,-20,-15,-141,-44,2,-119,-44,5,-97,-38
460,331,0,31,-30,-24,40,-94,-29,24,-142,-34,-6,-169,-37,31,-135,-11,26,-201,-25,22,-242,-33,14,-277,-39,10,-135,-11,12,-205,-30,21,-246,-41,23,-280,-44,-13,-124,-14,-6,-165,-45,10,-133,-47,14,-107,-38,-32,-108,-20,-15,-140,-43,1,-117,-41,4,-95,-34
458,331,0,31,-31,-23,40,-95,-28,23,-142,-32,-9,-167,-33,32,-135,-11,27,-200,-24,23,-242,-31,14,-277,-36,11,-134,-10,14,-205,-27,23,-246,-36,25,-280,-39,-12,-124,-13,-8,-167,-43,8,-137,-47,11,-112,-40,-30,-108,-18,-13,-140,-42,2,-119,-42,4,-97,-36
457,331,0,32,-30,-24,41,-95,-29,24,-142,-33,-8,-167,-34,34,-134,-11,29,-200,-24,24,-241,-31,15,-276,-36,12,-134,-10,16,-205,-27,25,-246,-35,27,-281,-38,-11,-124,-12,-7,-167,-42,8,-136,-46,11,-111,-39,-29,-108,-17,-13,-141,-41,1,-119,-41,3,-97,-35
459,331,0,30,-30,-24,38,-92,-30,22,-140,-35,-8,-167,-38,32,-135,-12,28,-201,-26,24,-243,-33,16,-277,-38,10,-134,-11,13,-204,-30,20,-245,-39,21,-279,-42,-13,-123,-14,-10,-167,-45,7,-135,-48,12,-110,-40,-32,-108,-19,-16,-138,-43,1,-116,-44,5,-94,-38
459,330,0,30,-31,-23,39,-93,-29,23,-139,-34,-7,-166,-37,31,-136,-11,26,-200,-25,21,-240,-33,13,-274,-37,9,-135,-11,13,-205,-29,21,-246,-38,24,-280,-41,-13,-123,-14,-8,-165,-45,8,-133,-47,12,-107,-39,-32,-107,-19,-16,-138,-43,0,-116,-42,4,-94,-35
458,330,0,31,-31,-24,40,-93,-30,23,-139,-34,-7,-166,-36,33,-133,-12,26,-198,-25,20,-239,-32,12,-272,-36,12,-133,-10,14,-204,-27,23,-247,-36,28,-281,-39,-11,-123,-12,-4,-165,-42,12,-132,-45,16,-105,-37,-29,-107,-17,-12,-138,-40,5,-116,-39,10,-93,-33
459,332,0,29,-31,-25,39,-93,-31,22,-139,-36,-9,-167,-38,32,-134,-12,27,-198,-26,22,-239,-34,14,-273,-39,10,-133,-11,13,-205,-28,22,-246,-36,26,-280,-39,-13,-123,-13,-9,-166,-44,7,-133,-48,11,-107,-40,-32,-107,-17,-16,-138,-42,0,-116,-42,4,-95,-36
459,333,0,30,-32,-25,39,-93,-31,23,-140,-36,-8,-167,-37,31,-133,-12,25,-199,-26,21,-240,-34,12,-274,-38,10,-133,-11,13,-205,-28,21,-246,-36,25,-280,-39,-13,-123,-13,-8,-167,-43,7,-134,-46,11,-108,-39,-31,-108,-17,-14,-140,-41,2,-117,-41,5,-95,-34
459,333,0,30,-32,-24,39,-93,-30,23,-140,-34,-7,-166,-36,31,-133,-12,25,-199,-25,20,-239,-32,11,-273,-37,11,-133,-10,14,-204,-27,23,-246,-35,27,-279,-38,-12,-123,-13,-7,-166,-42,8,-134,-44,11,-108,-36,-30,-108,-17,-14,-140,-39,1,-118,-38,4,-96,-31
460,333,0,29,-32,-24,38,-93,-29,22,-139,-33,-8,-166,-35,30,-133,-11,24,-198,-25,19,-239,-32,10,-272,-36,9,-133,-10,13,-204,-28,22,-245,-36,25,-279,-38,-13,-122,-13,-9,-166,-42,7,-134,-45,10,-109,-37,-32,-107,-17,-16,-140,-40,0,-117,-39,2,-96,-32
460,334,0,31,-32,-26,40,-94,-32,22,-140,-36,-10,-167,-37,32,-134,-12,26,-200,-25,21,-240,-32,13,-274,-36,11,-133,-10,12,-205,-27,22,-246,-35,27,-280,-37,-12,-123,-12,-7,-164,-43,10,-130,-46,13,-105,-38,-31,-106,-16,-14,-138,-40,2,-116,-39,4,-95,-32
460,335,0,30,-32,-24,40,-94,-30,22,-140,-35,-9,-167,-38,33,-133,-12,29,-201,-26,26,-242,-34,19,-277,-38,11,-133,-12,12,-205,-29,19,-244,-38,20,-277,-42,-11,-122,-14,-7,-167,-45,9,-133,-48,13,-107,-40,-31,-106,-19,-14,-139,-43,2,-116,-42,5,-95,-36
460,339,0,30,-33,-26,40,-93,-32,23,-140,-36,-6,-167,-37,33,-132,-13,27,-200,-27,23,-241,-35,17,-275,-39,13,-132,-10,13,-203,-28,20,-244,-36,24,-278,-38,-10,-122,-12,-3,-164,-42,12,-130,-45,15,-104,-37,-28,-107,-15,-11,-138,-38,4,-116,-37,5,-94,-30
522,630,0,26,-30,-24,31,-88,-31,15,-128,-37,-13,-153,-41,23,-146,-10,10,-204,-24,0,-241,-33,-12,-272,-39,0,-144,-10,1,-211,-28,8,-252,-38,10,-284,-41,-24,-129,-15,-19,-169,-47,-1,-135,-51,6,-109,-44,-41,-107,-22,-22,-130,-48,-5,-106,-49,0,-87,-44
522,629,0,26,-29,-24,31,-86,-31,14,-127,-37,-14,-152,-40,24,-142,-11,11,-201,-25,-1,-238,-35,-13,-269,-41,1,-141,-11,1,-208,-29,7,-249,-38,8,-282,-42,-24,-127,-15,-20,-169,-45,-2,-136,-50,5,-110,-43,-41,-105,-21,-21,-128,-47,-5,-104,-49,0,-85,-44
523,629,0,26,-28,-26,31,-86,-33,16,-126,-39,-14,-152,-43,23,-145,-12,9,-203,-26,-2,-241,-35,-14,-272,-41,0,-142,-11,1,-211,-29,9,-251,-39,13,-284,-41,-24,-127,-15,-19,-168,-47,-2,-134,-51,5,-108,-43,-41,-106,-21,-23,-128,-47,-6,-103,-49,0,-84,-43
522,630,0,27,-29,-24,32,-86,-31,15,-127,-37,-12,-154,-41,23,-145,-11,11,-203,-26,0,-240,-36,-12,-272,-43,0,-144,-12,0,-211,-31,8,-251,-41,12,-284,-45,-24,-129,-17,-19,-170,-49,-1,-136,-53,7,-110,-45,-41,-107,-23,-21,-130,-51,-3,-106,-52,3,-86,-47
523,629,0,26,-29,-27,31,-86,-35,15,-127,-42,-14,-155,-46,23,-143,-13,10,-201,-27,-2,-238,-37,-15,-268,-43,0,-141,-12,1,-209,-30,9,-249,-38,12,-281,-41,-24,-127,-15,-19,-168,-47,-1,-134,-51,7,-109,-44,-41,-106,-20,-21,-128,-47,-4,-104,-49,1,-84,-44
524,628,0,24,-28,-25,30,-84,-33,14,-125,-40,-15,-152,-45,23,-144,-12,9,-201,-27,-3,-237,-37,-16,-268,-43,-1,-142,-12,0,-208,-30,7,-249,-39,9,-281,-42,-25,-127,-16,-20,-166,-47,-3,-133,-51,5,-107,-43,-42,-105,-22,-23,-126,-48,-6,-102,-49,0,-83,-43
524,627,0,25,-28,-24,30,-83,-32,14,-124,-39,-14,-151,-43,23,-143,-11,10,-200,-27,-2,-236,-37,-16,-266,-43,-1,-141,-12,0,-207,-30,6,-248,-39,8,-280,-42,-25,-126,-16,-21,-165,-48,-3,-133,-52,5,-107,-44,-42,-104,-23,-23,-125,-49,-6,-101,-50,0,-82,-45
524,627,0,25,-28,-25,31,-85,-33,13,-126,-40,-16,-152,-45,23,-143,-12,11,-200,-28,-1,-237,-38,-14,-268,-44,-1,-140,-12,-1,-207,-31,5,-247,-40,8,-278,-43,-25,-125,-16,-20,-165,-49,-2,-132,-52,6,-107,-45,-42,-103,-22,-23,-126,-49,-6,-102,-50,-1,-82,-44
524,627,0,25,-28,-25,31,-84,-33,13,-125,-40,-15,-153,-44,24,-143,-12,11,-200,-27,-1,-237,-37,-13,-268,-44,-1,-140,-12,-2,-207,-31,5,-247,-40,7,-279,-43,-25,-125,-16,-20,-164,-49,-2,-131,-53,6,-106,-46,-42,-103,-22,-23,-125,-49,-6,-102,-51,0,-82,-44
525,629,0,25,-28,-24,30,-86,-31,15,-128,-37,-14,-153,-41,22,-143,-12,10,-202,-27,-2,-238,-37,-15,-269,-43,-2,-141,-13,-1,-209,-32,6,-250,-42,9,-283,-46,-25,-126,-17,-21,-167,-50,-3,-133,-53,5,-106,-45,-42,-105,-24,-23,-128,-50,-5,-104,-51,1,-84,-45
524,629,0,26,-28,-25,32,-86,-33,15,-128,-40,-13,-154,-44,24,-142,-14,11,-202,-30,-1,-238,-40,-14,-269,-46,0,-140,-14,0,-208,-33,7,-249,-43,9,-282,-47,-24,-126,-17,-19,-167,-49,-1,-133,-53,7,-106,-45,-41,-105,-23,-21,-127,-50,-4,-103,-51,1,-83,-45
526,628,0,25,-28,-24,30,-86,-31,14,-127,-37,-15,-152,-40,22,-141,-12,10,-200,-27,-2,-236,-36,-15,-267,-42,-1,-140,-12,0,-208,-31,7,-249,-40,9,-281,-43,-25,-126,-17,-18,-166,-48,-1,-133,-51,5,-107,-43,-42,-105,-23,-22,-128,-48,-6,-104,-48,-2,-85,-43
526,627,0,25,-28,-24,30,-85,-31,13,-126,-37,-15,-151,-41,24,-140,-12,10,-199,-28,-2,-236,-37,-15,-266,-43,0,-139,-13,-1,-207,-32,6,-248,-41,8,-280,-44,-24,-125,-17,-19,-165,-48,-1,-132,-52,6,-106,-45,-42,-104,-23,-22,-126,-49,-5,-103,-50,-1,-83,-44
526,628,0,26,-29,-25,31,-87,-32,15,-127,-39,-14,-152,-42,23,-143,-12,10,-202,-27,-1,-239,-36,-14,-269,-42,-1,-141,-12,0,-208,-30,7,-249,-40,10,-281,-43,-24,-126,-16,-19,-165,-48,-1,-131,-52,6,-105,-44,-41,-105,-21,-22,-128,-48,-6,-103,-48,0,-84,-42
526,628,0,26,-29,-24,31,-86,-32,15,-126,-38,-14,-152,-42,22,-142,-12,10,-202,-27,-1,-239,-37,-13,-269,-42,-1,-140,-12,0,-208,-31,7,-249,-40,10,-281,-43,-24,-126,-16,-18,-167,-48,-1,-133,-52,7,-108,-44,-41,-105,-22,-21,-128,-48,-4,-104,-49,1,-84,-43
527,628,0,24,-29,-26,30,-86,-34,14,-128,-41,-14,-154,-46,22,-141,-14,8,-201,-30,-2,-238,-40,-14,-269,-46,-1,-139,-14,-1,-208,-34,7,-249,-44,11,-282,-47,-25,-125,-17,-18,-166,-49,0,-131,-52,7,-105,-43,-42,-105,-23,-20,-128,-48,-3,-104,-49,1,-85,-42
526,630,0,27,-29,-22,33,-86,-28,16,-127,-34,-12,-151,-37,24,-142,-9,11,-199,-24,-1,-236,-34,-14,-267,-40,0,-140,-11,-1,-208,-29,5,-249,-38,8,-281,-42,-23,-126,-16,-18,-168,-48,0,-134,-52,7,-108,-44,-41,-104,-24,-21,-128,-50,-4,-105,-51,0,-85,-45
526,631,0,27,-30,-23,33,-87,-29,15,-128,-35,-14,-153,-38,24,-141,-11,10,-200,-27,-2,-237,-36,-14,-268,-42,1,-138,-12,-1,-208,-31,5,-249,-41,8,-282,-44,-23,-124,-17,-18,-166,-48,0,-133,-52,6,-108,-45,-41,-103,-23,-22,-127,-49,-6,-104,-49,-2,-84,-43
568,818,0,29,-32,-24,30,-89,-32,11,-126,-40,-21,-148,-45,11,-153,-10,-5,-209,-25,-18,-246,-34,-33,-277,-41,-12,-148,-13,-15,-216,-31,-10,-260,-41,-7,-293,-45,-35,-130,-19,-28,-173,-52,-7,-140,-58,2,-114,-52,-49,-104,-28,-29,-127,-56,-8,-103,-59,2,-83,-55
569,820,0,28,-35,-22,29,-92,-30,9,-130,-39,-24,-151,-44,11,-155,-13,-5,-211,-29,-18,-248,-39,-32,-280,-46,-14,-149,-16,-19,-216,-36,-14,-260,-46,-12,-293,-50,-36,-131,-22,-28,-170,-55,-7,-139,-61,2,-113,-54,-51,-106,-31,-28,-128,-58,-6,-106,-61,3,-85,-56
570,818,0,28,-33,-25,28,-91,-33,9,-127,-41,-24,-147,-46,8,-155,-11,-8,-210,-26,-21,-247,-35,-35,-277,-41,-15,-149,-13,-17,-216,-31,-12,-261,-40,-9,-295,-44,-37,-131,-19,-29,-171,-51,-7,-140,-57,3,-114,-51,-51,-106,-27,-29,-128,-54,-6,-105,-58,4,-85,-54
567,820,0,30,-33,-20,31,-90,-26,12,-129,-33,-21,-149,-38,12,-154,-7,-3,-210,-21,-15,-248,-30,-29,-279,-36,-12,-149,-11,-16,-216,-29,-10,-261,-40,-7,-295,-45,-34,-131,-19,-26,-174,-50,-6,-143,-55,3,-118,-50,-49,-106,-28,-25,-127,-55,-4,-105,-59,5,-85,-56
568,820,0,29,-36,-20,30,-92,-26,12,-129,-34,-22,-148,-39,10,-157,-7,-4,-212,-20,-17,-249,-29,-30,-280,-35,-13,-151,-11,-16,-217,-29,-11,-262,-39,-8,-295,-43,-36,-131,-20,-26,-172,-50,-5,-139,-55,4,-114,-49,-50,-106,-31,-27,-128,-56,-6,-106,-59,4,-87,-55
568,820,0,28,-34,-20,29,-90,-27,11,-128,-35,-22,-146,-41,9,-155,-9,-6,-210,-24,-19,-247,-34,-33,-278,-41,-14,-149,-14,-17,-217,-32,-12,-260,-42,-10,-293,-47,-35,-130,-22,-28,-173,-52,-8,-144,-57,2,-119,-51,-50,-105,-31,-27,-127,-57,-6,-105,-60,2,-85,-55
569,820,0,27,-34,-22,29,-90,-30,11,-127,-38,-23,-146,-44,8,-156,-9,-7,-211,-23,-20,-248,-32,-34,-278,-38,-15,-150,-12,-18,-217,-29,-13,-262,-39,-9,-295,-42,-36,-131,-19,-29,-173,-50,-8,-141,-55,2,-116,-48,-51,-105,-29,-29,-127,-55,-8,-105,-57,0,-86,-52
569,822,0,28,-35,-20,29,-91,-27,11,-128,-35,-22,-147,-40,9,-155,-9,-6,-211,-23,-19,-248,-33,-32,-279,-39,-15,-149,-13,-19,-217,-31,-15,-261,-41,-12,-294,-45,-36,-130,-21,-30,-173,-52,-10,-142,-57,0,-117,-51,-51,-104,-31,-30,-128,-57,-9,-105,-59,1,-85,-55
569,821,0,28,-35,-22,28,-91,-29,10,-128,-37,-23,-147,-42,8,-157,-9,-7,-212,-22,-20,-249,-32,-33,-279,-38,-15,-152,-12,-19,-218,-29,-13,-261,-39,-10,-294,-43,-38,-133,-19,-29,-175,-50,-7,-143,-56,3,-118,-50,-52,-107,-29,-30,-129,-55,-8,-107,-59,3,-88,-55
568,822,0,29,-36,-20,30,-91,-27,11,-129,-35,-22,-148,-41,10,-155,-9,-5,-211,-23,-18,-248,-32,-33,-278,-39,-14,-150,-13,-18,-218,-31,-12,-262,-41,-9,-296,-45,-37,-132,-21,-28,-175,-52,-7,-143,-57,3,-118,-51,-52,-107,-32,-29,-128,-58,-7,-106,-61,2,-87,-57
568,821,0,28,-35,-23,28,-91,-30,9,-128,-37,-23,-148,-42,9,-155,-9,-6,-210,-22,-19,-248,-31,-34,-278,-37,-14,-149,-12,-17,-217,-28,-13,-261,-38,-11,-295,-43,-37,-130,-19,-29,-173,-50,-7,-141,-56,3,-117,-50,-51,-106,-28,-30,-128,-55,-8,-106,-59,2,-87,-55
568,822,0,29,-35,-22,29,-92,-29,10,-128,-36,-23,-148,-41,9,-156,-8,-6,-211,-22,-19,-249,-31,-34,-279,-38,-14,-150,-12,-17,-218,-29,-13,-262,-39,-11,-295,-44,-36,-131,-19,-29,-175,-51,-7,-143,-56,3,-118,-50,-51,-106,-29,-30,-130,-56,-9,-108,-59,1,-88,-55
568,823,0,27,-34,-22,29,-91,-29,9,-129,-36,-25,-148,-41,8,-156,-10,-7,-213,-25,-20,-250,-34,-33,-281,-41,-15,-151,-14,-21,-218,-32,-16,-261,-43,-15,-293,-47,-38,-132,-21,-31,-175,-53,-10,-146,-58,-2,-122,-52,-53,-106,-30,-30,-130,-57,-9,-108,-60,-1,-87,-56
568,823,0,28,-33,-22,29,-91,-29,9,-128,-36,-24,-147,-41,9,-156,-9,-7,-213,-24,-20,-250,-33,-34,-280,-39,-15,-151,-13,-19,-219,-31,-14,-262,-41,-12,-296,-45,-38,-133,-20,-30,-177,-52,-9,-144,-56,0,-118,-49,-52,-108,-29,-29,-129,-57,-7,-105,-59,2,-85,-55
568,823,0,27,-34,-19,29,-91,-26,9,-128,-34,-25,-146,-40,9,-156,-8,-7,-211,-22,-20,-248,-32,-34,-277,-38,-15,-151,-12,-20,-218,-31,-15,-260,-42,-13,-293,-47,-38,-133,-21,-31,-177,-51,-11,-146,-55,-2,-121,-49,-53,-107,-31,-29,-129,-57,-7,-106,-59,2,-86,-55
567,821,0,28,-32,-20,30,-89,-27,10,-126,-35,-23,-144,-41,10,-154,-8,-6,-210,-22,-19,-246,-32,-34,-276,-39,-14,-150,-12,-18,-217,-31,-13,-260,-41,-11,-292,-46,-37,-131,-20,-31,-175,-51,-10,-143,-55,-1,-118,-49,-51,-106,-29,-29,-127,-56,-7,-103,-59,3,-84,-54
568,822,0,29,-34,-20,30,-91,-26,9,-128,-34,-24,-146,-39,9,-156,-8,-6,-211,-22,-19,-248,-32,-33,-277,-38,-15,-150,-12,-20,-217,-31,-16,-260,-41,-14,-292,-46,-37,-131,-20,-31,-175,-52,-9,-144,-56,1,-120,-50,-52,-105,-30,-30,-128,-57,-8,-105,-58,2,-85,-54
568,822,0,28,-34,-20,29,-91,-27,9,-127,-35,-25,-145,-41,8,-156,-9,-7,-211,-24,-20,-248,-34,-33,-279,-41,-15,-150,-14,-20,-217,-32,-15,-260,-43,-14,-292,-48,-37,-131,-22,-31,-176,-53,-10,-147,-59,0,-123,-53,-52,-105,-32,-30,-129,-59,-8,-107,-61,2,-86,-57
569,824,0,27,-34,-19,28,-92,-26,8,-130,-34,-25,-147,-40,8,-156,-8,-7,-212,-22,-20,-249,-32,-34,-279,-38,-16,-151,-13,-20,-219,-31,-16,-262,-42,-14,-295,-46,-38,-133,-21,-33,-179,-51,-11,-149,-55,0,-125,-49,-52,-107,-31,-31,-132,-57,-8,-109,-59,2,-88,-54
571,823,0,27,-34,-23,28,-92,-30,7,-128,-37,-27,-146,-42,6,-157,-8,-9,-212,-21,-22,-248,-30,-37,-278,-36,-18,-152,-11,-21,-219,-28,-15,-262,-37,-12,-295,-40,-40,-134,-18,-32,-176,-48,-10,-143,-52,-1,-118,-45,-54,-108,-27,-30,-128,-53,-8,-104,-56,1,-85,-52
571,824,0,27,-34,-21,28,-92,-28,7,-129,-36,-27,-147,-42,7,-157,-8,-9,-213,-22,-22,-249,-31,-36,-278,-37,-17,-152,-12,-22,-219,-29,-16,-262,-39,-13,-296,-43,-39,-133,-19,-32,-178,-49,-10,-147,-53,0,-121,-47,-54,-108,-28,-30,-130,-55,-8,-107,-57,1,-87,-53
576,831,0,28,-37,-19,29,-96,-25,5,-132,-32,-27,-153,-38,9,-156,-7,-6,-214,-22,-19,-251,-32,-32,-282,-38,-16,-152,-11,-21,-220,-31,-19,-263,-41,-19,-296,-45,-38,-135,-19,-29,-175,-51,-7,-143,-56,2,-117,-48,-54,-110,-29,-33,-133,-54,-11,-111,-54,-2,-90,-47
578,830,0,27,-36,-19,28,-94,-27,6,-130,-36,-27,-149,-43,6,-156,-10,-10,-213,-27,-23,-251,-38,-35,-282,-44,-18,-151,-15,-26,-219,-36,-21,-263,-46,-19,-296,-50,-40,-133,-22,-32,-175,-55,-7,-142,-58,4,-115,-50,-56,-109,-32,-34,-131,-57,-11,-109,-57,-2,-89,-50
842,804,0,31,-35,-21,34,-92,-27,14,-129,-34,-17,-152,-39,13,-154,-7,0,-209,-21,-12,-246,-29,-25,-276,-34,-12,-151,-10,-12,-216,-27,-5,-260,-35,-1,-292,-37,-35,-134,-17,-21,-173,-48,0,-143,-54,9,-118,-47,-51,-113,-25,-23,-130,-52,-1,-107,-55,9,-86,-51
842,804,0,31,-35,-21,34,-92,-28,14,-129,-35,-17,-152,-40,13,-154,-8,0,-210,-21,-12,-247,-29,-25,-278,-34,-12,-151,-10,-12,-216,-27,-5,-260,-35,-1,-292,-37,-35,-134,-17,-21,-173,-48,0,-143,-54,9,-117,-48,-52,-113,-25,-23,-130,-52,-1,-106,-56,9,-86,-52
841,803,0,31,-35,-20,33,-93,-26,13,-131,-34,-18,-154,-39,15,-154,-6,2,-210,-20,-10,-248,-29,-23,-279,-34,-10,-150,-9,-13,-215,-28,-6,-258,-38,-2,-290,-40,-35,-134,-17,-21,-173,-49,0,-138,-53,9,-110,-45,-51,-112,-25,-23,-128,-53,-2,-105,-56,7,-85,-51
841,802,0,31,-35,-21,33,-92,-28,13,-129,-35,-18,-152,-40,15,-154,-7,2,-210,-21,-10,-248,-29,-23,-279,-34,-11,-150,-10,-12,-215,-28,-6,-258,-37,-2,-290,-40,-35,-133,-16,-22,-172,-49,0,-137,-54,10,-108,-46,-51,-112,-25,-23,-127,-53,-2,-103,-56,8,-83,-52
838,803,0,31,-37,-16,33,-93,-22,14,-132,-29,-17,-154,-35,14,-153,-2,1,-210,-16,-10,-250,-24,-22,-282,-30,-10,-149,-8,-11,-214,-26,-5,-259,-37,-2,-291,-41,-34,-132,-17,-18,-170,-48,3,-138,-52,12,-112,-45,-50,-111,-28,-22,-130,-53,-2,-108,-55,6,-89,-51
837,803,0,31,-37,-16,33,-93,-21,15,-130,-29,-16,-152,-34,15,-154,-1,1,-210,-13,-11,-248,-20,-24,-278,-24,-10,-150,-6,-11,-216,-23,-4,-260,-32,0,-292,-34,-34,-133,-16,-19,-170,-46,2,-134,-49,11,-106,-41,-50,-112,-27,-22,-129,-52,-1,-105,-54,7,-86,-48
836,803,0,33,-38,-17,34,-94,-22,15,-132,-30,-15,-154,-35,16,-154,-2,3,-211,-14,-8,-250,-22,-20,-281,-27,-10,-150,-7,-11,-215,-26,-4,-260,-35,-1,-291,-38,-34,-133,-17,-18,-170,-48,4,-134,-51,14,-105,-43,-51,-113,-28,-21,-129,-53,1,-105,-55,10,-86,-50
838,803,0,30,-37,-19,32,-93,-26,12,-131,-33,-19,-154,-38,14,-153,-5,0,-210,-18,-11,-249,-26,-24,-280,-31,-11,-149,-9,-13,-215,-27,-7,-259,-36,-3,-291,-39,-36,-133,-16,-21,-170,-48,0,-135,-53,9,-108,-45,-52,-112,-26,-25,-128,-53,-3,-105,-56,5,-85,-51
837,803,0,31,-37,-19,33,-93,-25,13,-130,-32,-18,-153,-37,14,-153,-3,1,-209,-16,-12,-247,-23,-26,-277,-28,-11,-150,-7,-12,-215,-25,-4,-260,-33,0,-293,-36,-35,-133,-16,-20,-171,-46,1,-137,-51,10,-109,-43,-52,-112,-25,-23,-129,-52,-2,-105,-55,6,-85,-50
837,803,0,31,-38,-19,33,-94,-26,13,-131,-34,-18,-155,-40,14,-154,-5,1,-210,-19,-10,-248,-27,-23,-279,-32,-12,-150,-9,-13,-215,-27,-7,-258,-36,-4,-290,-38,-36,-133,-16,-21,-171,-48,1,-137,-53,12,-109,-46,-52,-112,-26,-24,-129,-52,-2,-106,-55,7,-85,-50
837,803,0,31,-37,-20,32,-94,-26,12,-131,-34,-19,-154,-39,13,-154,-5,0,-209,-18,-12,-246,-26,-26,-277,-31,-12,-150,-9,-14,-215,-26,-6,-259,-34,-2,-291,-36,-36,-134,-16,-21,-170,-47,2,-137,-52,12,-109,-44,-52,-112,-25,-23,-129,-51,-1,-105,-54,8,-85,-49
838,804,0,30,-37,-19,31,-94,-24,12,-131,-31,-18,-153,-36,12,-154,-6,-1,-209,-19,-13,-247,-27,-26,-277,-33,-13,-150,-10,-15,-215,-27,-8,-259,-35,-3,-291,-38,-36,-133,-17,-23,-172,-48,-1,-142,-53,10,-116,-46,-51,-111,-25,-24,-130,-51,-2,-106,-55,9,-85,-50
838,804,0,31,-36,-20,32,-93,-26,12,-131,-34,-19,-153,-39,13,-154,-6,0,-209,-19,-13,-247,-27,-26,-277,-32,-12,-150,-9,-14,-215,-26,-7,-259,-35,-3,-291,-37,-36,-134,-16,-22,-172,-47,0,-139,-52,11,-111,-45,-52,-112,-24,-24,-129,-51,-2,-106,-54,9,-85,-50
838,804,0,31,-36,-20,32,-93,-26,12,-131,-34,-19,-153,-38,13,-154,-6,0,-209,-19,-13,-247,-26,-27,-277,-31,-12,-150,-9,-14,-215,-26,-7,-259,-35,-3,-291,-37,-36,-134,-15,-22,-172,-47,0,-139,-52,11,-112,-44,-52,-112,-24,-24,-129,-51,-1,-106,-54,9,-85,-50
839,806,0,31,-36,-19,34,-95,-24,14,-132,-30,-17,-154,-34,13,-155,-3,-1,-210,-15,-14,-247,-22,-27,-277,-27,-12,-152,-7,-14,-218,-23,-6,-262,-31,-1,-294,-33,-36,-135,-14,-23,-177,-44,-1,-144,-48,8,-116,-41,-51,-114,-23,-23,-132,-49,-2,-108,-51,7,-86,-46
840,807,0,30,-36,-19,32,-95,-25,12,-133,-32,-19,-156,-37,12,-156,-5,-1,-212,-18,-13,-249,-26,-26,-280,-32,-13,-152,-8,-14,-218,-27,-7,-261,-36,-3,-293,-38,-37,-136,-16,-22,-176,-48,-1,-141,-51,8,-113,-43,-53,-114,-25,-25,-132,-51,-4,-108,-54,4,-88,-49
841,806,0,29,-38,-18,31,-96,-24,11,-133,-31,-19,-155,-35,11,-155,-5,-2,-210,-18,-14,-246,-26,-26,-276,-31,-14,-151,-9,-15,-216,-26,-8,-259,-34,-4,-291,-37,-37,-135,-16,-24,-174,-47,-1,-141,-51,10,-113,-44,-53,-113,-25,-25,-131,-51,-3,-107,-53,7,-86,-49
841,805,0,29,-37,-18,30,-95,-24,10,-132,-32,-21,-154,-37,11,-154,-6,-2,-208,-20,-14,-245,-28,-26,-275,-33,-14,-150,-10,-15,-215,-27,-8,-258,-36,-4,-291,-38,-37,-133,-17,-24,-173,-48,-2,-141,-52,9,-113,-45,-53,-110,-26,-25,-130,-52,-3,-106,-55,8,-86,-49
839,804,0,32,-35,-20,35,-92,-26,14,-130,-33,-18,-151,-37,15,-152,-5,2,-207,-18,-11,-244,-26,-24,-274,-31,-11,-149,-8,-13,-215,-25,-6,-258,-33,-2,-291,-35,-34,-133,-15,-22,-172,-46,0,-138,-50,9,-111,-42,-50,-110,-23,-23,-128,-50,-1,-104,-52,8,-84,-47
840,803,0,30,-36,-21,32,-92,-29,14,-129,-37,-17,-153,-42,15,-153,-8,1,-209,-23,-10,-247,-31,-23,-278,-37,-10,-150,-11,-11,-215,-29,-5,-258,-37,0,-290,-39,-34,-134,-17,-20,-170,-49,0,-136,-53,9,-109,-46,-51,-113,-25,-24,-129,-51,-4,-105,-54,4,-86,-49
840,801,0,31,-36,-21,33,-91,-28,13,-128,-36,-18,-152,-42,15,-152,-8,2,-209,-22,-10,-246,-31,-23,-278,-36,-10,-148,-11,-12,-213,-29,-5,-256,-38,-1,-288,-40,-34,-132,-17,-19,-167,-50,1,-133,-55,10,-106,-47,-51,-111,-26,-23,-126,-52,-3,-102,-55,5,-83,-50
837,799,0,31,-36,-21,33,-92,-28,14,-130,-36,-17,-154,-42,17,-151,-7,4,-207,-22,-9,-245,-31,-23,-276,-37,-8,-148,-10,-9,-214,-29,-1,-258,-39,3,-291,-41,-32,-132,-17,-19,-170,-49,1,-136,-53,10,-109,-45,-49,-111,-26,-24,-128,-52,-4,-105,-54,4,-86,-48
838,798,0,31,-36,-22,33,-92,-29,13,-129,-37,-18,-153,-43,17,-152,-7,3,-208,-22,-9,-246,-30,-22,-277,-36,-8,-148,-10,-9,-214,-28,-2,-258,-37,2,-290,-39,-32,-132,-16,-19,-168,-49,2,-133,-54,11,-105,-46,-49,-111,-25,-23,-128,-51,-3,-105,-53,4,-85,-48
833,793,0,32,-37,-17,34,-91,-24,15,-127,-32,-16,-151,-38,18,-151,-1,5,-207,-12,-8,-244,-20,-22,-274,-26,-8,-148,-6,-9,-214,-22,-1,-259,-31,4,-291,-34,-32,-131,-15,-20,-169,-46,2,-135,-51,12,-107,-44,-49,-110,-26,-23,-127,-52,-2,-104,-55,7,-84,-50
839,627,0,28,-37,-27,26,-100,-34,-1,-143,-39,-38,-165,-40,11,-148,-11,-10,-208,-24,-27,-246,-33,-45,-276,-38,-12,-143,-9,-22,-214,-24,-18,-257,-32,-17,-291,-34,-35,-125,-11,-41,-168,-42,-20,-141,-47,-9,-116,-40,-53,-102,-16,-45,-135,-42,-24,-118,-43,-14,-98,-38
839,628,0,29,-38,-26,27,-103,-32,-1,-145,-36,-39,-165,-37,11,-147,-11,-10,-208,-25,-27,-247,-34,-44,-278,-40,-12,-142,-10,-21,-213,-26,-18,-257,-34,-17,-292,-36,-35,-125,-14,-42,-169,-45,-20,-143,-50,-8,-118,-43,-53,-102,-19,-46,-137,-45,-24,-121,-46,-14,-101,-41
839,627,0,27,-38,-27,26,-101,-35,0,-144,-41,-38,-167,-45,12,-147,-12,-10,-207,-27,-27,-246,-37,-46,-277,-43,-11,-142,-11,-20,-213,-28,-16,-257,-37,-15,-291,-40,-34,-125,-13,-41,-169,-45,-19,-142,-49,-7,-116,-41,-53,-103,-18,-46,-137,-44,-24,-120,-45,-14,-100,-39
839,628,0,28,-38,-27,27,-101,-34,0,-145,-40,-38,-167,-43,12,-147,-11,-9,-207,-25,-27,-246,-35,-46,-278,-41,-12,-143,-10,-20,-213,-26,-18,-257,-35,-18,-291,-38,-35,-126,-12,-42,-169,-44,-19,-142,-49,-6,-116,-41,-54,-104,-17,-46,-138,-44,-24,-121,-46,-11,-101,-41
838,626,0,27,-39,-27,26,-101,-34,-1,-143,-39,-38,-165,-42,12,-147,-10,-9,-206,-24,-26,-245,-34,-44,-276,-40,-12,-142,-8,-20,-212,-24,-16,-256,-32,-16,-291,-35,-35,-125,-11,-42,-166,-41,-20,-141,-46,-8,-118,-39,-53,-102,-15,-46,-135,-41,-25,-120,-42,-13,-102,-37
838,627,0,29,-38,-27,27,-102,-34,-1,-146,-39,-38,-164,-41,12,-148,-11,-9,-207,-24,-27,-246,-33,-44,-277,-39,-12,-143,-9,-19,-212,-24,-16,-256,-32,-16,-291,-34,-35,-126,-11,-42,-168,-42,-19,-143,-48,-6,-119,-41,-53,-103,-16,-45,-137,-43,-23,-121,-45,-10,-102,-41
838,625,0,28,-39,-26,27,-102,-32,-2,-144,-37,-39,-164,-39,14,-146,-11,-7,-206,-26,-24,-245,-35,-42,-276,-41,-10,-141,-10,-20,-211,-27,-18,-254,-36,-19,-289,-39,-34,-125,-13,-39,-166,-44,-18,-139,-49,-7,-115,-42,-53,-102,-18,-44,-135,-44,-22,-119,-45,-12,-100,-39
838,626,0,29,-38,-26,27,-103,-32,-2,-145,-37,-39,-165,-38,13,-147,-11,-7,-206,-25,-25,-245,-34,-43,-277,-40,-11,-142,-10,-20,-212,-26,-18,-256,-34,-18,-290,-37,-35,-126,-13,-40,-167,-43,-18,-140,-48,-7,-116,-41,-53,-103,-18,-44,-136,-44,-22,-121,-45,-11,-102,-40
838,624,0,28,-37,-27,27,-101,-33,-1,-144,-37,-39,-163,-38,13,-145,-11,-6,-206,-26,-22,-245,-35,-39,-277,-40,-11,-141,-10,-20,-211,-26,-17,-254,-35,-18,-288,-37,-35,-125,-13,-40,-166,-45,-18,-138,-50,-8,-114,-43,-53,-102,-18,-44,-136,-44,-22,-119,-46,-12,-99,-41
837,625,0,30,-37,-27,28,-102,-32,0,-145,-35,-38,-163,-35,13,-145,-11,-5,-206,-25,-22,-245,-33,-38,-277,-39,-10,-141,-10,-19,-210,-25,-16,-254,-33,-17,-289,-36,-33,-124,-13,-40,-166,-44,-18,-141,-49,-7,-116,-43,-51,-102,-18,-43,-136,-44,-21,-121,-47,-10,-101,-42
838,622,0,28,-37,-27,27,-99,-35,0,-141,-42,-39,-163,-45,13,-146,-11,-8,-204,-25,-26,-242,-34,-45,-273,-40,-11,-141,-9,-18,-211,-25,-14,-255,-33,-12,-289,-36,-34,-125,-11,-41,-167,-42,-19,-139,-47,-8,-115,-39,-53,-103,-16,-43,-134,-43,-21,-118,-45,-10,-100,-39
837,625,0,29,-37,-28,28,-100,-36,3,-145,-42,-36,-167,-46,14,-146,-10,-6,-205,-24,-24,-245,-32,-42,-276,-38,-10,-143,-8,-18,-212,-24,-14,-256,-31,-15,-290,-33,-33,-126,-11,-40,-169,-41,-18,-143,-45,-6,-118,-37,-52,-105,-16,-42,-138,-43,-20,-122,-45,-8,-103,-40
838,626,0,29,-37,-27,27,-103,-32,-1,-146,-35,-40,-165,-35,13,-147,-11,-7,-207,-25,-24,-246,-33,-42,-277,-39,-11,-142,-10,-20,-212,-25,-17,-256,-32,-17,-291,-35,-34,-126,-12,-41,-169,-43,-19,-142,-48,-8,-118,-41,-52,-103,-17,-44,-139,-43,-23,-122,-45,-13,-102,-40
839,625,0,28,-36,-27,26,-102,-33,-2,-145,-38,-40,-165,-39,13,-146,-11,-7,-206,-25,-25,-245,-33,-43,-276,-39,-12,-142,-9,-20,-212,-25,-16,-255,-33,-16,-290,-36,-35,-125,-12,-41,-167,-43,-19,-140,-47,-8,-116,-40,-54,-103,-17,-44,-136,-43,-23,-120,-44,-13,-101,-39
839,625,0,29,-38,-27,26,-103,-32,-2,-146,-36,-40,-165,-37,12,-146,-11,-7,-207,-25,-24,-245,-33,-41,-277,-39,-12,-142,-10,-20,-211,-26,-17,-255,-34,-18,-289,-37,-35,-125,-13,-39,-167,-44,-17,-141,-50,-6,-116,-43,-54,-103,-18,-44,-136,-44,-22,-120,-46,-12,-100,-42
838,627,0,30,-37,-27,28,-103,-32,0,-146,-36,-38,-164,-37,13,-147,-11,-8,-206,-24,-25,-245,-33,-42,-276,-38,-11,-142,-9,-19,-212,-25,-15,-256,-32,-14,-290,-34,-34,-125,-12,-39,-167,-43,-16,-140,-47,-5,-114,-40,-52,-103,-17,-44,-137,-43,-22,-121,-44,-12,-100,-39
838,626,0,29,-37,-27,27,-102,-32,0,-144,-37,-38,-164,-38,13,-147,-11,-8,-207,-24,-25,-245,-32,-42,-276,-38,-10,-142,-9,-18,-212,-25,-14,-256,-32,-13,-290,-34,-33,-125,-12,-39,-168,-43,-17,-139,-47,-6,-115,-40,-52,-103,-17,-43,-136,-42,-22,-118,-44,-13,-99,-38
840,630,0,31,-39,-24,28,-103,-30,0,-146,-35,-35,-166,-37,11,-146,-12,-8,-206,-26,-24,-246,-35,-41,-279,-41,-12,-142,-12,-21,-212,-29,-18,-256,-37,-18,-290,-41,-36,-125,-16,-40,-171,-47,-17,-145,-52,-6,-119,-45,-54,-103,-22,-44,-138,-49,-21,-123,-51,-9,-103,-46
840,628,0,29,-38,-24,27,-102,-30,-1,-144,-35,-38,-165,-38,12,-146,-11,-8,-206,-24,-25,-244,-33,-43,-275,-39,-11,-142,-11,-20,-211,-27,-16,-255,-35,-15,-289,-38,-34,-125,-14,-39,-170,-44,-18,-142,-48,-7,-117,-41,-53,-103,-20,-43,-137,-45,-21,-120,-46,-10,-99,-41
840,624,0,26,-38,-27,24,-101,-33,-4,-143,-38,-42,-164,-40,11,-144,-11,-10,-205,-25,-27,-243,-33,-45,-274,-39,-13,-139,-9,-22,-210,-25,-17,-254,-33,-17,-288,-36,-36,-122,-11,-42,-163,-42,-20,-135,-46,-9,-111,-39,-54,-100,-15,-44,-132,-40,-24,-116,-41,-15,-97,-36
839,627,0,30,-36,-25,27,-102,-31,-1,-146,-37,-39,-165,-39,12,-145,-12,-9,-205,-26,-26,-244,-35,-44,-276,-41,-12,-141,-11,-20,-211,-28,-17,-256,-36,-16,-291,-39,-34,-124,-15,-40,-167,-46,-18,-139,-50,-7,-112,-42,-52,-102,-20,-43,-136,-46,-20,-119,-48,-10,-98,-42
841,620,0,28,-40,-22,27,-102,-27,-1,-142,-31,-36,-161,-33,10,-145,-13,-10,-207,-28,-25,-246,-38,-40,-278,-43,-13,-139,-14,-22,-210,-31,-19,-254,-40,-19,-289,-42,-35,-123,-18,-39,-165,-49,-20,-139,-53,-11,-115,-46,-54,-100,-24,-45,-133,-48,-25,-116,-47,-17,-96,-41
841,621,0,27,-40,-23,25,-104,-28,-3,-145,-32,-39,-163,-34,9,-146,-12,-12,-208,-27,-28,-246,-37,-44,-277,-42,-13,-140,-13,-23,-212,-29,-19,-256,-37,-17,-290,-40,-36,-123,-17,-40,-166,-47,-19,-138,-50,-9,-114,-42,-54,-100,-22,-46,-133,-46,-25,-116,-45,-17,-95,-37
814,456,0,36,-38,-26,35,-107,-30,10,-157,-31,-27,-176,-30,24,-143,-7,9,-208,-16,-4,-251,-23,-19,-286,-27,0,-140,-3,-3,-210,-16,3,-257,-23,3,-295,-25,-24,-127,-5,-29,-173,-34,-10,-146,-41,-1,-119,-37,-43,-108,-8,-33,-142,-35,-13,-125,-41,-4,-104,-39
816,455,0,33,-39,-27,33,-105,-31,10,-153,-34,-28,-175,-34,20,-146,-7,5,-209,-18,-6,-251,-25,-20,-285,-30,-4,-142,-3,-8,-209,-16,-3,-254,-23,-3,-292,-26,-28,-127,-4,-34,-170,-34,-13,-144,-42,-1,-118,-38,-47,-107,-7,-37,-138,-35,-15,-123,-42,-2,-104,-41
815,455,0,35,-38,-27,34,-105,-31,11,-153,-33,-27,-172,-32,22,-145,-7,6,-209,-17,-7,-250,-23,-21,-284,-27,-2,-142,-3,-5,-210,-14,0,-255,-20,1,-293,-22,-25,-127,-3,-30,-170,-31,-11,-144,-38,-1,-119,-34,-43,-108,-6,-33,-140,-31,-12,-125,-37,-1,-106,-35
816,454,0,32,-42,-26,32,-106,-32,7,-151,-36,-30,-172,-37,20,-146,-7,5,-210,-19,-5,-251,-27,-19,-285,-32,-4,-142,-5,-8,-209,-18,-3,-253,-25,-4,-289,-28,-28,-126,-7,-35,-168,-36,-13,-142,-42,-2,-118,-37,-47,-105,-10,-39,-136,-36,-18,-122,-41,-7,-103,-38
816,454,0,34,-42,-26,33,-108,-30,9,-153,-32,-29,-170,-32,20,-146,-4,4,-208,-13,-9,-250,-19,-23,-283,-22,-4,-142,0,-8,-209,-11,-3,-254,-16,-3,-290,-18,-27,-126,-2,-32,-169,-29,-12,-143,-36,-2,-118,-31,-46,-107,-6,-36,-139,-30,-15,-123,-35,-4,-104,-33
814,454,0,35,-40,-25,34,-107,-28,10,-154,-30,-28,-172,-28,23,-144,-5,8,-208,-14,-5,-250,-21,-20,-284,-25,-1,-141,-2,-5,-209,-14,1,-254,-21,1,-291,-23,-26,-126,-3,-31,-168,-32,-10,-141,-38,-1,-115,-33,-45,-107,-7,-34,-137,-33,-14,-121,-37,-5,-102,-35
815,453,0,33,-40,-27,33,-107,-30,9,-153,-32,-29,-172,-30,22,-144,-6,7,-208,-15,-5,-250,-21,-19,-284,-26,-2,-140,-2,-6,-208,-14,-1,-253,-20,-1,-290,-23,-26,-126,-3,-31,-168,-32,-11,-141,-39,-2,-116,-34,-45,-107,-7,-34,-137,-32,-13,-121,-38,-4,-102,-37
815,453,0,34,-38,-27,34,-104,-31,11,-152,-34,-27,-172,-34,20,-147,-5,5,-209,-13,-7,-251,-19,-20,-284,-22,-3,-142,-1,-7,-209,-12,-2,-254,-17,-1,-292,-18,-27,-126,-2,-32,-168,-31,-11,-141,-38,-1,-115,-33,-45,-107,-6,-35,-137,-32,-13,-120,-39,-1,-100,-37
816,454,0,33,-38,-26,32,-104,-31,10,-152,-34,-28,-172,-35,19,-148,-4,3,-209,-13,-10,-250,-19,-24,-283,-22,-5,-143,-1,-7,-210,-11,-1,-255,-16,1,-293,-17,-28,-127,-2,-33,-169,-30,-12,-143,-37,-2,-117,-32,-46,-108,-6,-36,-138,-32,-14,-122,-38,-2,-101,-36
815,455,0,37,-40,-26,36,-107,-29,12,-155,-30,-26,-173,-29,23,-147,-3,8,-211,-11,-4,-253,-16,-17,-287,-19,0,-143,0,-4,-210,-9,0,-254,-14,-1,-289,-15,-24,-128,-1,-28,-170,-28,-9,-143,-37,0,-117,-33,-43,-108,-5,-34,-140,-30,-13,-124,-36,-2,-103,-35
817,455,0,33,-40,-26,33,-106,-30,9,-153,-32,-28,-175,-31,20,-147,-5,6,-211,-15,-4,-253,-22,-18,-287,-27,-4,-143,-1,-6,-210,-15,-2,-255,-22,-2,-292,-25,-28,-128,-3,-33,-169,-33,-13,-143,-41,-3,-117,-37,-47,-108,-7,-37,-139,-33,-16,-122,-40,-6,-103,-38
817,454,0,37,-41,-24,36,-108,-26,11,-155,-28,-27,-172,-26,22,-146,-4,9,-210,-13,-1,-253,-18,-13,-288,-22,-1,-141,-2,-4,-208,-13,0,-253,-20,-2,-288,-23,-24,-126,-4,-28,-169,-32,-9,-145,-40,1,-119,-37,-43,-107,-8,-32,-140,-33,-10,-124,-39,1,-103,-39
817,453,0,34,-40,-27,35,-106,-31,11,-152,-34,-26,-173,-34,21,-148,-3,7,-210,-12,-3,-252,-18,-16,-286,-22,-3,-143,2,-5,-210,-9,2,-253,-15,3,-290,-17,-26,-127,0,-31,-168,-28,-10,-141,-36,1,-115,-32,-45,-108,-3,-35,-136,-29,-14,-120,-35,-4,-101,-34
817,453,0,36,-41,-25,36,-107,-28,12,-154,-31,-26,-173,-30,23,-148,0,9,-209,-8,-3,-251,-13,-15,-285,-16,-1,-143,3,-4,-209,-7,1,-252,-12,2,-289,-13,-25,-128,1,-28,-169,-26,-7,-143,-34,2,-117,-30,-44,-109,-3,-32,-139,-28,-11,-123,-34,1,-103,-33
818,453,0,35,-38,-27,35,-103,-32,13,-152,-36,-25,-174,-36,22,-145,-7,8,-208,-16,-4,-251,-22,-18,-284,-26,-2,-141,-4,-4,-209,-15,2,-254,-21,3,-291,-23,-26,-126,-5,-29,-169,-34,-8,-142,-41,1,-116,-36,-45,-107,-9,-32,-139,-36,-10,-122,-42,1,-102,-41
818,452,0,35,-37,-27,35,-102,-32,13,-151,-36,-25,-173,-37,22,-144,-7,7,-207,-16,-5,-250,-21,-19,-283,-25,-2,-140,-3,-5,-208,-15,2,-253,-20,3,-290,-21,-26,-125,-5,-29,-169,-33,-8,-141,-40,1,-114,-35,-44,-106,-8,-33,-138,-35,-10,-121,-42,1,-100,-40
818,455,0,34,-39,-25,35,-105,-31,12,-153,-36,-25,-175,-38,23,-145,-7,9,-210,-18,-2,-253,-25,-15,-288,-30,-1,-141,-5,-5,-210,-20,0,-255,-27,0,-292,-31,-25,-126,-7,-28,-171,-37,-8,-145,-44,2,-120,-39,-45,-107,-12,-34,-140,-38,-12,-124,-43,-2,-104,-41
818,454,0,35,-38,-24,35,-105,-29,12,-153,-32,-25,-174,-33,22,-146,-5,9,-210,-15,-1,-253,-21,-14,-288,-25,-1,-142,-3,-4,-209,-16,1,-254,-23,1,-291,-26,-25,-127,-5,-27,-171,-34,-8,-146,-41,0,-121,-37,-44,-107,-10,-32,-139,-35,-11,-123,-41,-1,-103,-40
817,457,0,35,-38,-25,35,-107,-29,11,-156,-32,-26,-177,-32,24,-144,-8,10,-211,-20,0,-256,-26,-13,-291,-31,-1,-141,-6,-5,-211,-21,0,-257,-29,-1,-295,-32,-26,-127,-9,-31,-173,-39,-10,-147,-46,-2,-122,-41,-46,-108,-13,-34,-142,-40,-13,-125,-45,-4,-105,-43
813,456,0,35,-42,-26,37,-108,-30,12,-154,-33,-24,-176,-33,25,-145,-7,12,-211,-19,2,-254,-27,-11,-289,-32,1,-141,-5,-3,-211,-20,1,-255,-28,1,-292,-31,-24,-126,-7,-27,-169,-38,-7,-142,-45,2,-117,-40,-45,-106,-11,-31,-137,-38,-11,-121,-42,-2,-102,-40
813,456,0,35,-41,-26,37,-108,-30,12,-154,-33,-25,-175,-32,25,-145,-6,11,-211,-17,1,-255,-23,-11,-290,-28,0,-141,-4,-4,-210,-17,1,-255,-24,2,-292,-27,-24,-126,-5,-28,-169,-35,-8,-142,-43,2,-116,-38,-44,-107,-9,-32,-139,-35,-11,-122,-41,-1,-102,-38
656,564,0,23,-30,-33,22,-84,-40,0,-124,-45,-30,-151,-46,25,-131,-13,7,-188,-26,-9,-224,-35,-24,-253,-41,2,-127,-7,-3,-191,-22,-4,-229,-32,-8,-260,-36,-21,-113,-6,-31,-148,-36,-16,-121,-45,-7,-99,-41,-39,-93,-7,-37,-120,-33,-22,-101,-37,-14,-84,-34
653,567,0,23,-31,-35,24,-84,-43,3,-125,-46,-28,-150,-45,27,-130,-15,10,-188,-29,-6,-225,-38,-21,-255,-44,4,-128,-7,-1,-191,-21,-3,-230,-31,-7,-261,-36,-19,-115,-5,-30,-149,-33,-17,-123,-43,-8,-102,-39,-37,-97,-4,-36,-123,-28,-22,-106,-32,-14,-88,-29
653,564,0,23,-31,-32,23,-85,-39,1,-125,-41,-29,-148,-40,26,-131,-12,9,-189,-24,-5,-225,-33,-19,-255,-39,3,-127,-6,-3,-189,-20,-6,-227,-29,-10,-258,-33,-19,-113,-4,-29,-146,-33,-15,-120,-42,-6,-100,-38,-37,-94,-6,-35,-120,-29,-22,-102,-32,-15,-84,-28
652,566,0,21,-32,-39,20,-85,-46,-2,-124,-47,-32,-149,-44,24,-132,-13,5,-188,-24,-11,-223,-33,-26,-253,-39,1,-128,-2,-4,-190,-12,-6,-228,-20,-8,-259,-24,-21,-114,4,-36,-145,-24,-22,-117,-35,-10,-97,-32,-37,-95,6,-42,-117,-18,-29,-98,-24,-20,-80,-22
651,568,0,22,-30,-41,21,-84,-48,0,-124,-48,-29,-152,-43,27,-132,-14,8,-188,-25,-8,-224,-34,-23,-254,-39,4,-129,-1,-2,-190,-12,-4,-228,-20,-8,-258,-24,-19,-115,5,-35,-147,-23,-21,-119,-34,-9,-98,-32,-35,-98,8,-40,-120,-17,-28,-101,-23,-20,-83,-21
651,569,0,22,-31,-40,21,-86,-46,-1,-127,-46,-31,-152,-40,26,-133,-14,7,-190,-26,-9,-226,-35,-23,-257,-41,4,-129,-3,-2,-191,-14,-5,-229,-22,-8,-261,-26,-19,-116,3,-34,-148,-25,-21,-120,-36,-9,-100,-33,-35,-98,6,-40,-121,-19,-29,-102,-25,-21,-84,-23
650,565,0,25,-33,-35,23,-88,-41,-1,-128,-41,-33,-150,-37,27,-132,-12,8,-189,-24,-8,-224,-33,-24,-253,-38,4,-127,-4,-1,-191,-15,-4,-229,-23,-8,-260,-26,-19,-114,-1,-32,-146,-29,-17,-118,-38,-6,-98,-34,-36,-95,0,-37,-118,-24,-23,-99,-28,-15,-81,-25
650,565,0,24,-31,-36,24,-85,-42,1,-126,-43,-30,-149,-40,26,-131,-13,8,-188,-26,-7,-224,-35,-22,-254,-40,2,-128,-5,-4,-190,-18,-6,-228,-26,-10,-258,-30,-20,-113,-2,-33,-146,-31,-18,-119,-41,-7,-98,-37,-36,-94,-2,-38,-119,-27,-23,-100,-31,-15,-82,-28
650,561,0,23,-31,-35,23,-85,-42,-1,-125,-43,-33,-150,-40,25,-131,-13,6,-188,-26,-10,-222,-34,-26,-252,-39,2,-127,-5,-3,-191,-18,-4,-229,-25,-8,-260,-27,-20,-112,-3,-33,-145,-32,-18,-117,-40,-8,-97,-35,-37,-93,-3,-39,-119,-28,-25,-99,-31,-17,-80,-26
649,555,0,23,-33,-36,23,-87,-41,-2,-125,-41,-35,-147,-36,26,-132,-11,6,-187,-22,-11,-222,-30,-27,-250,-35,3,-127,-2,-3,-190,-13,-5,-229,-20,-9,-260,-22,-20,-112,1,-33,-143,-27,-18,-116,-36,-7,-97,-32,-36,-93,1,-39,-118,-22,-25,-99,-26,-18,-81,-21
648,555,0,23,-32,-35,23,-86,-41,0,-126,-42,-31,-148,-39,27,-131,-12,7,-188,-23,-9,-223,-31,-24,-252,-36,4,-127,-4,-3,-189,-15,-5,-228,-22,-9,-258,-25,-19,-112,-1,-32,-146,-29,-17,-119,-38,-7,-99,-34,-35,-92,-1,-37,-119,-25,-23,-101,-29,-15,-83,-26
695,333,0,31,-39,-42,34,-101,-42,10,-145,-35,-22,-167,-22,44,-139,-12,34,-206,-21,25,-246,-28,16,-281,-31,17,-137,3,17,-200,-5,15,-241,-12,12,-275,-14,-10,-126,10,-22,-158,-17,-9,-128,-30,4,-109,-28,-30,-110,14,-35,-137,-9,-23,-119,-15,-16,-100,-14
696,333,0,29,-42,-40,32,-104,-39,6,-146,-31,-26,-168,-18,44,-140,-10,36,-208,-17,28,-248,-22,20,-282,-25,17,-137,3,15,-199,-2,11,-238,-8,7,-270,-11,-10,-125,10,-21,-158,-13,-8,-130,-25,3,-113,-24,-30,-108,14,-33,-136,-5,-21,-118,-11,-14,-100,-10
693,341,0,32,-40,-40,37,-102,-43,14,-148,-39,-17,-173,-31,45,-140,-14,38,-209,-25,28,-250,-33,19,-284,-37,18,-139,-2,18,-204,-12,16,-246,-20,15,-279,-23,-9,-128,3,-20,-165,-23,-8,-138,-34,4,-119,-33,-29,-113,6,-33,-144,-15,-22,-129,-19,-15,-111,-17
697,344,0,31,-39,-44,35,-101,-47,10,-146,-41,-22,-174,-31,46,-142,-15,37,-209,-25,27,-249,-32,16,-284,-36,19,-141,0,19,-206,-8,17,-247,-14,15,-280,-16,-8,-129,8,-20,-164,-18,-8,-133,-29,3,-114,-26,-29,-113,12,-33,-141,-9,-21,-122,-14,-14,-103,-11
706,360,0,30,-45,-37,33,-106,-38,5,-145,-32,-30,-161,-20,37,-141,-11,22,-206,-21,8,-244,-28,-6,-276,-32,9,-136,0,7,-201,-7,6,-240,-13,4,-275,-15,-17,-123,5,-32,-155,-19,-16,-127,-30,-3,-109,-27,-37,-104,7,-44,-131,-13,-28,-114,-17,-19,-95,-14
897,323,0,39,-48,-24,34,-119,-25,3,-166,-25,-36,-184,-23,19,-146,1,2,-213,-6,-11,-256,-11,-26,-291,-15,-5,-139,4,-14,-210,-6,-12,-256,-13,-15,-294,-16,-30,-123,1,-38,-171,-29,-13,-149,-42,1,-125,-41,-51,-104,-4,-40,-142,-32,-17,-132,-42,-5,-115,-45
896,323,0,40,-47,-24,34,-119,-23,4,-167,-21,-36,-181,-16,20,-147,0,3,-212,-6,-11,-255,-12,-26,-290,-16,-4,-141,3,-11,-210,-6,-8,-257,-13,-11,-296,-17,-28,-125,1,-38,-173,-29,-15,-150,-41,-3,-125,-41,-49,-105,-3,-40,-142,-31,-18,-132,-42,-5,-115,-45
894,323,0,37,-50,-23,32,-120,-24,2,-164,-24,-37,-180,-22,19,-146,1,0,-211,-6,-14,-253,-12,-30,-287,-16,-6,-139,4,-14,-209,-6,-12,-255,-13,-15,-293,-16,-30,-123,1,-38,-168,-28,-15,-146,-39,-2,-121,-37,-51,-103,-3,-39,-138,-29,-17,-127,-37,-6,-111,-38
893,323,0,39,-48,-24,33,-118,-24,4,-164,-22,-36,-177,-17,19,-149,3,2,-212,-3,-13,-253,-8,-29,-287,-12,-4,-142,6,-10,-210,-1,-8,-255,-8,-10,-293,-11,-28,-126,4,-37,-171,-24,-16,-148,-38,-5,-124,-38,-48,-105,0,-39,-140,-28,-16,-129,-39,-4,-110,-42
495,342,0,25,-36,-31,29,-87,-34,8,-126,-32,-19,-148,-27,37,-123,-11,29,-185,-21,21,-219,-27,14,-248,-30,15,-121,-3,12,-181,-12,9,-216,-20,6,-245,-23,-6,-111,0,-18,-142,-22,-9,-118,-32,-1,-100,-29,-24,-95,1,-28,-123,-16,-17,-107,-18,-11,-89,-14
493,343,0,24,-35,-33,29,-90,-34,8,-129,-28,-19,-150,-19,36,-125,-8,31,-185,-15,26,-220,-20,21,-249,-22,14,-123,2,12,-181,-4,9,-215,-10,7,-244,-12,-8,-114,7,-21,-147,-14,-13,-122,-24,-5,-106,-23,-23,-100,10,-31,-129,-7,-21,-114,-10,-15,-97,-8
493,344,0,24,-36,-32,29,-89,-34,8,-128,-31,-19,-150,-23,40,-125,-9,34,-186,-18,26,-220,-24,19,-250,-27,16,-124,0,15,-182,-8,11,-215,-15,7,-245,-18,-6,-114,5,-20,-145,-18,-12,-118,-27,-3,-101,-24,-23,-99,7,-31,-125,-11,-21,-108,-13,-15,-90,-9
495,342,0,25,-35,-35,29,-87,-36,9,-124,-31,-18,-147,-22,38,-125,-11,31,-184,-20,23,-218,-26,16,-247,-29,15,-123,-1,14,-180,-8,12,-214,-15,10,-243,-17,-8,-113,5,-20,-143,-19,-9,-115,-29,0,-97,-27,-24,-97,7,-30,-124,-12,-18,-106,-16,-12,-87,-14
497,341,0,24,-36,-33,28,-88,-35,7,-125,-31,-20,-149,-24,38,-125,-8,31,-183,-17,22,-216,-23,13,-244,-27,15,-122,1,14,-179,-7,12,-213,-14,10,-241,-16,-8,-111,5,-20,-140,-18,-9,-113,-28,0,-96,-25,-24,-95,6,-29,-119,-13,-18,-100,-15,-12,-83,-12
496,341,0,24,-34,-34,29,-87,-37,9,-126,-33,-18,-148,-26,39,-123,-11,33,-183,-21,26,-218,-27,20,-247,-31,16,-122,-2,15,-179,-11,13,-214,-18,10,-242,-20,-7,-112,3,-19,-143,-21,-11,-116,-31,-3,-98,-28,-24,-98,5,-30,-124,-14,-20,-107,-17,-14,-89,-14
497,343,0,24,-35,-34,28,-88,-35,8,-126,-30,-18,-149,-21,37,-127,-10,32,-186,-18,27,-220,-24,20,-249,-27,14,-124,0,13,-180,-7,10,-215,-14,6,-243,-16,-9,-113,4,-20,-142,-18,-11,-117,-28,-3,-101,-27,-25,-96,7,-30,-122,-12,-19,-105,-15,-13,-88,-13
497,342,0,23,-35,-33,29,-87,-35,9,-126,-31,-18,-149,-24,38,-126,-8,31,-184,-17,23,-218,-23,15,-247,-26,14,-124,2,13,-180,-6,11,-214,-13,8,-243,-15,-10,-113,6,-22,-141,-16,-13,-115,-25,-4,-98,-23,-27,-97,9,-33,-120,-9,-23,-103,-12,-16,-86,-9
497,343,0,24,-36,-33,28,-88,-36,9,-126,-34,-18,-149,-27,39,-125,-10,33,-185,-20,26,-219,-27,18,-248,-31,16,-124,-1,14,-181,-10,11,-214,-18,8,-243,-21,-7,-114,3,-20,-144,-20,-10,-117,-29,-1,-100,-26,-23,-99,5,-30,-123,-13,-21,-106,-15,-14,-89,-12
497,343,0,23,-36,-31,28,-88,-35,9,-128,-35,-18,-149,-31,38,-124,-10,32,-185,-21,27,-220,-29,21,-250,-32,17,-123,-3,15,-181,-14,11,-214,-22,8,-243,-25,-4,-114,1,-19,-145,-23,-12,-120,-32,-3,-102,-28,-20,-100,1,-27,-127,-17,-19,-111,-18,-14,-94,-13
497,343,0,24,-36,-34,29,-88,-36,9,-127,-33,-18,-148,-25,38,-126,-11,33,-187,-19,28,-221,-25,23,-251,-28,16,-124,-1,14,-181,-9,11,-215,-16,8,-243,-18,-5,-114,4,-18,-144,-18,-9,-118,-29,0,-102,-27,-21,-99,6,-27,-126,-11,-17,-110,-14,-11,-93,-12
498,343,0,23,-35,-35,28,-87,-38,9,-125,-35,-18,-148,-27,37,-125,-13,33,-186,-22,29,-220,-28,24,-249,-31,15,-123,-3,14,-181,-12,11,-214,-19,8,-242,-22,-6,-113,2,-20,-145,-22,-12,-117,-32,-3,-99,-29,-22,-99,4,-29,-128,-14,-20,-112,-16,-15,-95,-13
497,343,0,25,-34,-35,30,-87,-38,9,-125,-35,-17,-148,-27,39,-125,-13,34,-186,-22,29,-219,-28,23,-248,-31,16,-124,-3,15,-181,-12,12,-215,-19,8,-243,-21,-6,-113,2,-19,-144,-23,-10,-116,-33,-1,-98,-30,-22,-99,4,-28,-125,-15,-18,-108,-19,-12,-91,-15
498,346,0,23,-36,-32,28,-89,-35,8,-127,-33,-19,-149,-27,38,-126,-12,32,-187,-22,27,-221,-28,22,-251,-31,16,-123,-3,13,-181,-14,10,-215,-22,6,-244,-24,-6,-113,0,-21,-145,-25,-12,-117,-34,-3,-99,-31,-22,-99,1,-29,-129,-18,-20,-113,-20,-14,-96,-16
498,346,0,23,-36,-33,28,-88,-37,9,-127,-34,-17,-150,-28,38,-126,-12,33,-187,-22,28,-222,-28,23,-252,-31,16,-124,-3,13,-180,-12,9,-215,-19,5,-244,-22,-6,-114,2,-19,-145,-21,-10,-119,-31,-2,-101,-29,-22,-100,4,-27,-128,-13,-18,-114,-16,-12,-97,-14
497,350,0,24,-34,-34,30,-87,-38,12,-128,-35,-15,-152,-29,40,-124,-14,34,-185,-25,27,-221,-33,21,-251,-36,18,-124,-5,17,-182,-16,12,-218,-24,7,-248,-28,-3,-116,0,-20,-151,-25,-15,-124,-35,-8,-104,-32,-19,-104,2,-28,-135,-17,-21,-121,-20,-16,-103,-16
498,348,0,25,-33,-34,30,-86,-38,7,-126,-35,-21,-150,-28,40,-125,-13,32,-186,-25,25,-220,-32,17,-250,-36,16,-124,-4,14,-181,-16,9,-215,-24,4,-244,-26,-6,-114,0,-21,-145,-27,-13,-115,-36,-5,-96,-33,-23,-99,1,-31,-128,-19,-22,-109,-22,-16,-90,-17
496,347,0,23,-33,-34,29,-85,-38,10,-125,-37,-17,-149,-32,39,-124,-13,35,-186,-24,30,-221,-32,24,-251,-35,17,-124,-3,15,-181,-14,11,-215,-23,7,-244,-26,-5,-115,2,-19,-146,-23,-12,-118,-32,-3,-99,-29,-22,-101,4,-30,-128,-15,-22,-110,-17,-16,-92,-13
495,348,0,25,-34,-36,30,-87,-38,9,-127,-33,-18,-151,-24,39,-125,-12,34,-187,-21,27,-221,-26,21,-251,-28,16,-124,-1,13,-182,-10,10,-216,-16,7,-245,-18,-8,-115,4,-21,-145,-20,-13,-117,-31,-5,-99,-29,-25,-101,7,-31,-129,-13,-21,-111,-17,-15,-93,-15
496,350,0,24,-35,-36,28,-88,-38,8,-127,-34,-18,-152,-26,40,-127,-13,33,-188,-22,26,-223,-28,19,-252,-31,16,-126,-2,14,-183,-11,11,-219,-18,8,-248,-21,-6,-116,4,-20,-147,-20,-14,-121,-31,-6,-104,-29,-22,-102,7,-29,-128,-12,-20,-112,-16,-14,-94,-14
495,348,0,22,-36,-33,28,-87,-35,10,-125,-32,-16,-149,-25,40,-125,-11,36,-187,-20,31,-222,-26,26,-252,-29,18,-125,-2,14,-182,-11,10,-216,-18,7,-245,-21,-4,-117,4,-19,-148,-19,-14,-122,-29,-7,-104,-27,-20,-104,6,-27,-133,-11,-19,-117,-14,-14,-99,-11
494,348,0,24,-34,-34,30,-86,-36,10,-125,-33,-16,-149,-26,40,-125,-13,37,-186,-23,31,-221,-29,26,-251,-32,18,-124,-4,15,-182,-14,11,-216,-22,8,-245,-24,-4,-116,0,-19,-148,-24,-13,-120,-34,-6,-101,-32,-21,-103,2,-29,-133,-17,-20,-116,-19,-14,-98,-16
494,350,0,24,-34,-36,30,-87,-37,9,-126,-32,-16,-151,-21,38,-126,-12,33,-187,-20,26,-221,-24,19,-250,-26,16,-125,0,15,-184,-7,13,-219,-13,11,-247,-15,-6,-117,5,-20,-148,-19,-13,-119,-30,-5,-101,-28,-21,-103,8,-29,-132,-11,-20,-114,-16,-15,-95,-13
494,351,0,24,-35,-35,29,-87,-37,9,-127,-32,-16,-153,-23,39,-125,-11,32,-186,-20,24,-221,-25,16,-250,-28,17,-124,0,16,-184,-8,13,-219,-14,12,-249,-16,-5,-115,5,-19,-146,-17,-12,-119,-28,-4,-102,-26,-21,-101,9,-29,-128,-10,-21,-110,-14,-16,-92,-12
497,352,0,24,-35,-35,27,-88,-38,6,-128,-36,-20,-152,-29,37,-126,-13,30,-188,-23,24,-223,-30,17,-253,-33,15,-125,-4,13,-183,-13,10,-218,-21,7,-247,-23,-7,-115,1,-19,-146,-24,-10,-119,-35,-1,-101,-32,-23,-99,2,-28,-128,-18,-18,-111,-21,-11,-93,-18
497,351,0,23,-34,-34,27,-87,-36,7,-127,-32,-19,-152,-23,37,-126,-11,31,-188,-19,25,-222,-24,18,-252,-26,14,-125,0,12,-183,-8,9,-217,-15,6,-246,-17,-8,-116,5,-21,-147,-18,-13,-119,-29,-5,-102,-26,-25,-102,7,-31,-130,-11,-21,-113,-14,-15,-95,-11
494,355,0,25,-36,-34,30,-88,-37,11,-128,-35,-15,-152,-29,41,-125,-10,35,-185,-21,27,-219,-28,19,-249,-31,19,-125,-1,18,-184,-11,14,-220,-19,11,-249,-22,-3,-118,3,-18,-151,-21,-11,-124,-31,-3,-105,-28,-18,-106,5,-27,-135,-14,-18,-119,-16,-12,-100,-12
496,351,0,24,-33,-33,29,-85,-36,7,-125,-33,-18,-150,-27,41,-124,-12,32,-184,-23,24,-219,-30,15,-249,-34,17,-123,-3,15,-180,-14,10,-213,-22,6,-243,-24,-6,-114,1,-20,-143,-25,-11,-113,-34,-3,-95,-30,-23,-100,2,-31,-125,-18,-21,-105,-20,-15,-87,-16
498,353,0,23,-34,-35,28,-87,-37,7,-125,-33,-19,-149,-24,38,-126,-12,32,-187,-21,26,-221,-27,20,-251,-30,15,-124,-2,12,-180,-11,8,-214,-18,5,-242,-20,-8,-114,3,-21,-144,-21,-12,-116,-32,-4,-98,-30,-23,-100,6,-32,-126,-14,-22,-108,-18,-15,-89,-16
498,355,0,24,-35,-37,28,-88,-40,8,-126,-37,-18,-151,-29,39,-127,-14,32,-187,-24,25,-222,-31,17,-251,-35,16,-125,-3,14,-182,-13,10,-217,-20,7,-246,-23,-6,-115,2,-20,-145,-23,-11,-117,-33,-1,-101,-31,-22,-100,5,-30,-126,-15,-20,-109,-19,-13,-91,-16
502,354,0,23,-37,-33,27,-88,-35,7,-126,-32,-20,-147,-24,39,-128,-9,29,-186,-18,19,-220,-26,10,-248,-30,16,-127,1,13,-183,-8,10,-217,-15,8,-246,-18,-6,-116,4,-18,-144,-19,-9,-118,-29,2,-102,-27,-21,-100,5,-27,-122,-14,-18,-104,-18,-10,-87,-15
872,322,0,36,-40,-27,43,-100,-30,24,-145,-31,-8,-172,-29,42,-136,-3,38,-199,-13,33,-240,-21,25,-274,-27,18,-135,1,21,-197,-10,26,-235,-19,25,-268,-25,-8,-124,0,-8,-166,-26,8,-142,-36,14,-121,-35,-30,-107,-3,-18,-136,-27,-1,-120,-33,3,-102,-33
870,324,0,35,-40,-25,44,-100,-30,24,-146,-32,-8,-174,-32,43,-134,-5,40,-199,-16,36,-239,-25,29,-275,-31,18,-134,-2,20,-198,-15,24,-235,-25,23,-268,-30,-8,-124,-3,-7,-165,-31,10,-140,-38,15,-119,-35,-30,-107,-7,-17,-138,-30,-2,-122,-34,1,-103,-31
870,324,0,35,-41,-23,43,-100,-27,25,-146,-29,-7,-172,-30,42,-133,-3,39,-197,-14,34,-237,-23,27,-272,-30,18,-133,-1,21,-196,-15,25,-235,-25,24,-268,-31,-7,-123,-3,-7,-165,-29,9,-143,-38,15,-123,-36,-30,-107,-7,-17,-136,-29,-2,-122,-34,1,-104,-33
866,326,0,34,-37,-28,42,-96,-35,25,-144,-38,-7,-173,-39,41,-133,-5,39,-198,-17,35,-239,-26,29,-274,-32,18,-133,-1,20,-196,-14,24,-235,-23,22,-270,-28,-8,-123,-1,-6,-163,-28,11,-140,-36,17,-120,-33,-29,-107,-4,-15,-136,-27,0,-120,-32,2,-103,-30
866,328,0,34,-40,-27,42,-97,-32,26,-145,-36,-6,-173,-36,41,-132,-4,36,-198,-17,31,-239,-27,22,-275,-34,18,-134,0,22,-196,-15,26,-236,-26,25,-271,-32,-7,-125,0,-7,-164,-27,7,-142,-35,12,-121,-33,-29,-110,-3,-17,-137,-24,-3,-123,-29,-1,-106,-27
864,326,0,35,-39,-26,43,-96,-32,26,-142,-36,-6,-170,-37,41,-132,-5,36,-196,-17,31,-237,-25,22,-271,-31,17,-132,-1,21,-194,-16,25,-233,-25,25,-267,-29,-8,-121,-2,-10,-160,-30,7,-134,-38,14,-112,-34,-29,-105,-5,-18,-134,-29,-2,-119,-33,3,-101,-31
864,328,0,34,-36,-26,42,-95,-33,24,-142,-38,-8,-170,-40,41,-131,-8,37,-196,-22,33,-237,-31,25,-272,-38,17,-132,-6,21,-195,-21,24,-233,-31,22,-267,-36,-8,-122,-7,-9,-163,-35,7,-140,-43,13,-118,-39,-30,-107,-10,-18,-135,-35,-2,-120,-39,3,-103,-37
864,327,0,34,-37,-25,42,-96,-30,23,-141,-34,-8,-168,-35,42,-131,-8,37,-196,-21,31,-236,-30,23,-271,-36,18,-131,-6,21,-194,-21,25,-233,-31,23,-266,-35,-7,-121,-7,-9,-161,-35,6,-136,-42,12,-113,-37,-29,-106,-11,-19,-135,-34,-4,-120,-37,1,-102,-34
863,328,0,34,-36,-26,42,-95,-32,24,-143,-35,-7,-170,-36,42,-131,-7,37,-196,-20,33,-237,-29,25,-272,-36,18,-132,-4,21,-194,-19,25,-232,-29,23,-267,-34,-7,-122,-4,-7,-162,-32,8,-137,-40,14,-116,-36,-28,-108,-7,-16,-135,-31,-1,-119,-35,3,-101,-33
864,329,0,34,-37,-25,41,-96,-30,24,-142,-33,-6,-170,-34,40,-132,-6,35,-196,-17,29,-237,-26,20,-271,-32,17,-133,-2,20,-195,-16,24,-234,-26,23,-268,-31,-8,-123,-3,-9,-163,-30,6,-138,-38,13,-116,-34,-29,-108,-6,-18,-136,-29,-3,-120,-33,2,-102,-31
863,331,0,35,-37,-26,42,-95,-32,25,-143,-37,-6,-171,-38,42,-130,-8,36,-195,-20,30,-237,-30,21,-272,-36,18,-131,-4,22,-195,-19,26,-234,-29,26,-268,-34,-7,-122,-5,-9,-163,-32,7,-139,-39,13,-116,-35,-28,-107,-7,-17,-136,-30,-3,-122,-34,2,-105,-32
862,330,0,35,-36,-28,42,-95,-33,25,-144,-36,-6,-171,-36,42,-130,-11,38,-197,-23,34,-238,-32,25,-273,-39,19,-131,-6,21,-195,-21,25,-234,-31,24,-269,-36,-7,-122,-5,-8,-161,-33,7,-135,-41,14,-113,-38,-28,-107,-7,-16,-134,-31,-1,-120,-35,4,-104,-34
863,333,0,35,-39,-25,43,-99,-29,25,-146,-32,-7,-173,-32,42,-131,-7,37,-197,-19,33,-239,-29,25,-274,-35,19,-132,-4,21,-196,-19,24,-235,-29,22,-269,-34,-6,-123,-5,-7,-164,-32,9,-140,-39,15,-119,-36,-28,-108,-9,-16,-138,-31,-2,-123,-34,1,-105,-31
863,332,0,33,-37,-29,41,-97,-35,26,-145,-38,-4,-174,-37,41,-131,-8,36,-197,-18,31,-238,-26,22,-273,-31,17,-133,-1,21,-196,-14,25,-237,-23,25,-271,-26,-7,-124,0,-9,-163,-26,7,-139,-34,14,-116,-30,-28,-111,0,-16,-137,-22,-2,-122,-27,3,-105,-25
862,332,0,34,-39,-26,42,-97,-32,25,-145,-36,-5,-172,-36,43,-130,-10,37,-195,-23,31,-236,-33,21,-271,-40,19,-131,-5,24,-195,-22,28,-235,-32,27,-270,-38,-6,-123,-5,-8,-164,-32,6,-140,-39,13,-118,-36,-27,-110,-7,-16,-136,-29,-3,-121,-33,1,-104,-30
861,329,0,35,-39,-25,43,-97,-30,26,-143,-34,-5,-169,-34,43,-128,-8,38,-193,-21,32,-233,-30,22,-268,-36,19,-129,-4,23,-192,-19,28,-232,-29,28,-268,-34,-6,-120,-4,-8,-158,-31,7,-133,-38,14,-110,-34,-28,-107,-6,-16,-132,-28,-2,-117,-31,3,-101,-28
861,330,0,36,-41,-25,43,-99,-28,25,-144,-30,-5,-169,-28,42,-129,-5,38,-194,-16,33,-235,-25,25,-270,-31,19,-130,-1,22,-192,-14,26,-232,-24,25,-267,-29,-6,-121,-1,-7,-159,-28,8,-134,-36,15,-112,-33,-28,-106,-4,-16,-132,-25,-2,-118,-29,2,-101,-27
863,330,0,33,-39,-29,41,-95,-35,24,-141,-39,-6,-169,-39,42,-131,-6,37,-196,-17,33,-237,-26,25,-271,-32,18,-131,0,21,-192,-13,23,-230,-22,21,-264,-27,-6,-121,1,-8,-158,-24,7,-135,-32,14,-114,-29,-27,-106,0,-17,-132,-21,-3,-118,-25,1,-100,-23
862,333,0,34,-39,-29,42,-97,-36,26,-144,-40,-5,-172,-41,41,-133,-4,37,-198,-14,33,-239,-22,26,-273,-28,18,-133,2,21,-195,-9,24,-234,-18,23,-268,-22,-6,-123,3,-7,-163,-22,9,-140,-30,17,-118,-27,-27,-108,2,-16,-136,-20,-2,-121,-25,4,-103,-23
860,335,0,36,-39,-29,43,-98,-34,26,-145,-36,-4,-173,-35,43,-131,-7,39,-198,-18,36,-240,-27,29,-275,-33,20,-133,-1,23,-195,-14,25,-234,-24,24,-268,-28,-5,-125,0,-6,-163,-25,9,-140,-34,16,-118,-32,-26,-111,-1,-15,-137,-22,-1,-123,-27,4,-105,-25
859,335,0,35,-38,-29,43,-96,-35,27,-143,-38,-2,-173,-38,42,-133,-6,38,-197,-17,32,-238,-25,23,-273,-31,19,-133,0,22,-195,-12,27,-235,-21,27,-270,-25,-6,-123,1,-7,-163,-25,9,-138,-34,17,-116,-31,-28,-108,-1,-16,-135,-24,-2,-120,-29,3,-103,-27
859,335,0,36,-40,-27,42,-100,-29,26,-146,-29,-5,-171,-25,44,-131,-5,39,-196,-15,31,-236,-23,22,-272,-29,21,-132,0,24,-195,-12,29,-235,-20,29,-270,-25,-5,-123,1,-7,-162,-25,7,-136,-33,14,-114,-30,-27,-108,-1,-17,-135,-23,-3,-119,-27,0,-102,-25
858,334,0,35,-40,-27,43,-97,-31,24,-142,-34,-7,-169,-33,42,-133,-1,39,-198,-10,36,-238,-17,30,-272,-22,18,-132,4,19,-195,-7,22,-233,-15,20,-266,-18,-7,-121,4,-7,-159,-22,10,-134,-30,17,-113,-27,-28,-105,1,-16,-132,-20,-1,-115,-24,3,-97,-22
858,336,0,35,-40,-26,43,-97,-30,25,-143,-32,-7,-169,-31,42,-134,-1,39,-198,-11,35,-239,-19,28,-273,-25,18,-134,3,21,-196,-9,25,-234,-19,24,-267,-23,-7,-123,2,-7,-162,-25,9,-136,-34,14,-114,-31,-29,-106,-1,-16,-135,-24,-1,-118,-28,2,-99,-26
541,583,0,21,-25,-33,21,-73,-41,2,-110,-43,-23,-138,-42,29,-121,-14,14,-172,-27,1,-203,-36,-12,-230,-41,8,-119,-7,6,-176,-20,5,-209,-28,4,-236,-30,-13,-108,-4,-25,-136,-32,-16,-109,-40,-7,-91,-36,-29,-91,-4,-32,-110,-28,-22,-90,-32,-16,-73,-28
541,583,0,21,-24,-35,21,-73,-43,1,-111,-45,-22,-140,-44,29,-119,-14,14,-171,-27,1,-203,-36,-13,-230,-41,9,-118,-6,7,-175,-18,6,-209,-26,4,-236,-29,-12,-106,-2,-25,-136,-29,-16,-109,-38,-7,-90,-34,-27,-90,0,-32,-111,-24,-23,-91,-28,-16,-74,-25
542,582,0,21,-25,-38,20,-73,-44,0,-110,-45,-23,-139,-41,28,-120,-15,13,-171,-26,0,-203,-34,-12,-230,-38,8,-119,-4,7,-176,-15,7,-209,-22,6,-236,-24,-13,-107,1,-26,-137,-26,-18,-110,-35,-9,-92,-32,-28,-91,3,-33,-110,-21,-24,-90,-26,-18,-72,-23
542,581,0,20,-24,-40,20,-71,-47,2,-109,-46,-21,-139,-41,28,-121,-16,13,-172,-27,1,-204,-35,-10,-231,-39,8,-119,-4,7,-176,-13,6,-210,-19,5,-236,-21,-12,-108,2,-25,-138,-23,-17,-111,-33,-8,-92,-31,-27,-92,6,-32,-112,-18,-24,-92,-24,-18,-74,-22
542,581,0,20,-24,-40,20,-71,-47,2,-109,-46,-21,-138,-41,28,-121,-16,13,-172,-27,1,-204,-35,-10,-231,-40,8,-120,-4,7,-176,-13,5,-210,-20,4,-236,-22,-12,-109,2,-25,-138,-24,-17,-112,-34,-8,-93,-31,-26,-92,5,-32,-112,-18,-23,-92,-24,-17,-74,-22
542,580,0,21,-24,-41,22,-71,-47,3,-108,-46,-21,-137,-41,29,-120,-17,14,-172,-28,2,-203,-35,-10,-231,-40,9,-118,-5,8,-175,-14,7,-209,-20,6,-236,-23,-12,-107,2,-24,-138,-24,-16,-111,-35,-7,-93,-33,-26,-91,5,-31,-111,-18,-22,-92,-25,-16,-74,-24
542,580,0,21,-24,-38,21,-71,-45,3,-109,-45,-21,-138,-41,30,-119,-16,15,-171,-28,2,-203,-36,-10,-230,-41,9,-118,-5,7,-175,-16,6,-208,-23,6,-234,-25,-12,-107,0,-24,-136,-26,-15,-109,-36,-7,-90,-33,-27,-90,2,-31,-110,-21,-22,-90,-26,-16,-72,-24
542,579,0,21,-24,-41,22,-71,-48,4,-108,-47,-21,-136,-42,29,-120,-17,14,-171,-28,2,-203,-36,-10,-230,-41,9,-119,-4,7,-175,-14,6,-207,-20,5,-233,-22,-12,-107,2,-25,-135,-24,-15,-108,-34,-6,-89,-31,-27,-91,6,-32,-109,-18,-23,-89,-24,-17,-72,-22
542,578,0,21,-24,-41,22,-71,-47,3,-107,-46,-21,-135,-40,29,-121,-17,15,-171,-27,3,-203,-35,-8,-230,-39,9,-119,-4,6,-174,-12,4,-207,-19,3,-232,-22,-11,-107,2,-24,-136,-23,-15,-109,-34,-6,-91,-33,-26,-90,6,-31,-109,-18,-21,-90,-25,-15,-72,-24
544,580,0,20,-24,-40,21,-72,-46,3,-108,-45,-21,-136,-40,28,-120,-16,14,-170,-26,1,-202,-34,-11,-229,-39,8,-118,-4,7,-175,-13,6,-209,-20,4,-235,-23,-13,-107,2,-24,-136,-23,-16,-109,-35,-8,-90,-33,-28,-90,5,-31,-109,-18,-21,-90,-24,-16,-72,-24
543,582,0,21,-26,-36,22,-73,-42,4,-110,-43,-19,-139,-40,30,-121,-12,15,-171,-23,2,-203,-31,-10,-230,-35,9,-119,-2,7,-176,-13,7,-210,-20,6,-237,-23,-12,-107,2,-24,-135,-25,-14,-108,-35,-5,-88,-32,-28,-90,4,-31,-109,-20,-21,-90,-25,-15,-73,-23
545,579,0,20,-24,-40,21,-70,-47,4,-106,-48,-19,-135,-44,28,-118,-17,13,-170,-28,0,-202,-36,-12,-229,-41,8,-117,-4,9,-174,-14,8,-208,-22,7,-235,-25,-12,-106,2,-25,-134,-24,-16,-107,-35,-7,-87,-33,-28,-90,6,-33,-108,-17,-24,-88,-24,-18,-70,-22
545,579,0,20,-24,-40,21,-71,-47,3,-107,-46,-21,-136,-41,29,-119,-16,15,-170,-26,3,-202,-34,-9,-228,-38,9,-118,-3,8,-174,-12,6,-207,-19,5,-233,-21,-11,-107,4,-24,-134,-22,-16,-107,-33,-7,-89,-31,-25,-91,8,-31,-110,-15,-23,-91,-21,-18,-74,-19
545,579,0,20,-25,-44,21,-72,-51,2,-107,-50,-20,-138,-44,29,-120,-18,14,-171,-29,2,-203,-37,-10,-230,-41,9,-118,-3,7,-174,-12,7,-206,-19,6,-233,-21,-12,-106,5,-24,-133,-22,-15,-106,-34,-5,-88,-33,-27,-91,9,-32,-108,-14,-23,-89,-22,-17,-73,-21
546,579,0,20,-23,-38,21,-70,-44,4,-107,-44,-19,-136,-40,29,-120,-14,14,-170,-24,1,-202,-31,-11,-228,-35,9,-118,-3,9,-174,-11,8,-208,-18,6,-235,-21,-11,-106,3,-23,-135,-23,-14,-108,-33,-5,-89,-32,-26,-89,5,-29,-109,-18,-20,-89,-23,-14,-71,-22
547,580,0,20,-25,-36,21,-71,-44,3,-108,-46,-20,-138,-44,29,-120,-14,14,-170,-25,2,-202,-33,-10,-229,-38,7,-117,-5,6,-175,-15,6,-209,-24,5,-235,-27,-14,-105,-1,-24,-134,-27,-13,-107,-38,-4,-87,-36,-31,-88,0,-31,-107,-22,-19,-89,-28,-13,-72,-27
546,582,0,21,-25,-33,22,-71,-39,3,-109,-42,-20,-138,-40,30,-120,-12,16,-171,-24,4,-203,-33,-9,-230,-38,8,-118,-5,7,-175,-17,7,-209,-25,7,-236,-28,-13,-106,-2,-24,-135,-29,-14,-108,-38,-6,-88,-34,-30,-89,-2,-31,-109,-25,-21,-90,-29,-14,-73,-26
545,581,0,21,-23,-38,22,-70,-45,4,-108,-45,-19,-137,-41,30,-119,-15,16,-171,-27,4,-203,-35,-7,-231,-40,10,-118,-4,9,-175,-15,9,-208,-22,9,-235,-24,-11,-107,1,-23,-135,-26,-16,-107,-35,-7,-88,-32,-26,-91,4,-31,-110,-20,-23,-89,-25,-17,-71,-22
546,584,0,19,-25,-38,21,-73,-44,4,-110,-44,-20,-137,-40,30,-120,-16,16,-171,-28,2,-203,-37,-10,-231,-42,9,-118,-6,9,-176,-16,8,-210,-24,7,-237,-27,-11,-107,-2,-23,-137,-27,-15,-111,-36,-7,-91,-34,-26,-91,0,-31,-111,-22,-21,-92,-26,-16,-74,-23
545,589,0,21,-26,-29,21,-73,-37,3,-110,-43,-19,-138,-46,28,-121,-14,13,-171,-28,1,-204,-38,-11,-231,-44,6,-120,-9,5,-177,-25,6,-210,-33,5,-238,-36,-14,-107,-9,-24,-136,-36,-14,-111,-42,-5,-91,-36,-31,-88,-10,-32,-108,-33,-22,-89,-35,-14,-73,-30
396,723,0,12,-21,-48,8,-59,-57,-13,-87,-57,-35,-114,-53,18,-114,-23,2,-156,-33,-12,-183,-42,-25,-206,-47,0,-112,-6,-3,-162,-14,-7,-191,-21,-11,-213,-24,-18,-101,5,-35,-122,-21,-27,-94,-34,-18,-77,-33,-30,-86,11,-42,-102,-11,-33,-81,-19,-25,-65,-19
395,723,0,13,-21,-46,9,-59,-55,-12,-88,-55,-34,-115,-50,19,-114,-22,4,-156,-33,-10,-182,-42,-24,-206,-47,1,-111,-6,-1,-162,-15,-5,-190,-22,-10,-213,-25,-17,-100,3,-34,-121,-23,-27,-93,-35,-18,-77,-34,-29,-85,9,-40,-101,-14,-32,-80,-20,-24,-63,-20
397,724,0,13,-21,-46,9,-61,-53,-13,-89,-52,-36,-115,-46,16,-115,-20,1,-156,-30,-13,-183,-39,-26,-206,-43,-1,-112,-5,-3,-163,-12,-6,-192,-19,-9,-215,-21,-19,-101,4,-36,-125,-21,-28,-97,-33,-19,-80,-32,-31,-85,10,-42,-103,-13,-33,-83,-21,-25,-66,-20
397,726,0,14,-22,-44,10,-61,-52,-12,-89,-51,-36,-114,-45,18,-117,-18,3,-158,-29,-10,-184,-37,-24,-208,-42,-1,-114,-4,-3,-165,-13,-7,-193,-19,-11,-215,-21,-20,-102,3,-36,-125,-22,-28,-97,-34,-19,-81,-32,-31,-86,8,-42,-102,-15,-33,-81,-22,-25,-65,-21
397,725,0,14,-21,-47,9,-61,-55,-12,-89,-53,-36,-114,-47,18,-116,-20,3,-157,-30,-11,-184,-38,-24,-207,-43,-1,-114,-4,-3,-165,-12,-7,-193,-18,-11,-215,-20,-19,-102,5,-36,-124,-21,-28,-96,-33,-18,-80,-32,-31,-86,11,-42,-101,-13,-33,-80,-21,-24,-63,-20
398,727,0,13,-24,-45,8,-64,-52,-13,-93,-50,-37,-119,-44,17,-117,-18,3,-159,-28,-10,-185,-36,-23,-210,-41,-2,-115,-2,-3,-164,-10,-7,-192,-17,-11,-216,-20,-21,-103,6,-36,-127,-19,-31,-100,-32,-23,-83,-31,-32,-88,12,-43,-103,-11,-35,-83,-20,-28,-67,-20
397,726,0,14,-22,-45,10,-62,-53,-12,-91,-53,-37,-116,-48,18,-116,-21,5,-157,-32,-9,-184,-40,-23,-208,-45,0,-114,-6,-1,-164,-14,-6,-193,-21,-10,-216,-23,-19,-104,3,-35,-128,-22,-30,-101,-34,-22,-84,-32,-30,-90,9,-42,-105,-14,-35,-86,-21,-28,-70,-20
398,722,0,15,-21,-46,10,-60,-55,-11,-89,-54,-35,-115,-48,18,-114,-22,4,-156,-33,-10,-182,-40,-23,-206,-44,1,-112,-6,-1,-162,-14,-6,-191,-20,-11,-214,-21,-18,-102,3,-34,-123,-21,-28,-97,-33,-19,-81,-32,-30,-88,9,-40,-101,-13,-33,-82,-20,-26,-66,-20
398,724,0,16,-22,-42,11,-61,-50,-11,-90,-50,-35,-115,-46,18,-114,-21,4,-157,-33,-9,-183,-41,-23,-207,-46,0,-112,-8,-2,-163,-17,-6,-191,-24,-9,-214,-25,-19,-101,-1,-35,-124,-26,-27,-97,-37,-19,-81,-35,-31,-86,3,-40,-101,-19,-31,-81,-26,-24,-66,-24
400,725,0,15,-24,-40,9,-65,-46,-14,-92,-45,-39,-116,-40,16,-118,-15,2,-159,-25,-11,-185,-32,-25,-208,-37,-2,-115,-3,-4,-166,-11,-8,-194,-17,-12,-217,-19,-20,-104,3,-36,-128,-21,-27,-100,-32,-18,-84,-31,-32,-88,6,-41,-106,-16,-32,-85,-22,-24,-69,-20
401,726,0,13,-24,-42,8,-65,-48,-14,-93,-47,-39,-118,-41,15,-118,-16,0,-160,-25,-13,-186,-33,-27,-210,-37,-3,-115,-3,-4,-166,-9,-8,-194,-15,-11,-217,-17,-21,-103,5,-37,-127,-19,-29,-100,-30,-19,-83,-29,-33,-87,9,-43,-104,-13,-33,-84,-19,-25,-68,-19
401,725,0,14,-24,-42,9,-65,-50,-13,-92,-49,-38,-118,-44,14,-118,-18,-1,-160,-28,-14,-186,-36,-27,-210,-41,-4,-116,-5,-7,-166,-13,-11,-194,-19,-14,-217,-21,-22,-104,2,-39,-127,-23,-31,-99,-34,-21,-83,-32,-35,-89,6,-45,-103,-17,-36,-83,-23,-29,-67,-22
400,725,0,15,-24,-41,10,-64,-49,-13,-92,-49,-38,-117,-44,16,-119,-17,0,-160,-27,-13,-186,-35,-27,-209,-39,-3,-116,-4,-6,-166,-12,-9,-194,-19,-12,-216,-21,-22,-104,2,-38,-129,-22,-30,-102,-33,-21,-85,-32,-34,-89,6,-44,-105,-16,-36,-86,-22,-30,-71,-22
399,721,0,15,-22,-43,9,-62,-51,-12,-90,-50,-36,-116,-44,18,-116,-17,2,-157,-28,-13,-183,-35,-28,-206,-40,0,-114,-3,-2,-165,-11,-7,-194,-17,-11,-217,-18,-19,-103,5,-36,-124,-19,-29,-96,-31,-20,-80,-30,-32,-89,10,-42,-101,-12,-34,-79,-19,-25,-63,-19
399,721,0,14,-23,-42,9,-62,-49,-13,-90,-49,-35,-116,-44,17,-114,-18,2,-156,-29,-12,-182,-38,-27,-206,-42,-1,-112,-4,-2,-163,-13,-6,-192,-20,-10,-215,-22,-19,-102,3,-36,-123,-22,-29,-95,-33,-20,-79,-31,-31,-88,7,-42,-102,-14,-34,-81,-20,-26,-65,-19
398,717,0,15,-23,-45,10,-64,-53,-13,-92,-51,-36,-119,-45,19,-117,-19,3,-157,-30,-10,-184,-37,-24,-207,-41,1,-114,-4,-1,-164,-12,-5,-193,-17,-9,-215,-18,-18,-103,5,-34,-124,-21,-28,-95,-33,-20,-79,-32,-30,-90,11,-40,-101,-13,-32,-79,-21,-26,-63,-20
334,488,0,15,-25,-43,17,-70,-48,0,-106,-43,-17,-135,-34,34,-113,-15,24,-159,-25,14,-189,-32,3,-215,-35,17,-114,1,20,-165,-7,16,-197,-13,14,-223,-13,-1,-107,11,-19,-133,-15,-21,-104,-27,-16,-86,-24,-15,-95,18,-29,-113,-6,-28,-93,-14,-26,-77,-13
337,490,0,15,-25,-41,18,-70,-45,2,-107,-41,-17,-136,-32,34,-115,-12,24,-161,-20,14,-192,-26,4,-218,-29,17,-116,3,20,-167,-4,17,-198,-10,16,-224,-10,-2,-108,12,-18,-136,-14,-20,-107,-25,-15,-88,-22,-15,-96,18,-29,-116,-6,-27,-95,-13,-24,-78,-12
339,489,0,15,-24,-45,16,-69,-50,1,-106,-46,-19,-135,-37,34,-114,-14,23,-160,-23,12,-190,-29,3,-217,-33,17,-115,3,19,-166,-3,16,-199,-8,14,-224,-9,-1,-108,13,-17,-137,-11,-20,-111,-24,-15,-93,-23,-14,-98,20,-28,-119,-3,-27,-101,-12,-25,-85,-12
339,490,0,15,-24,-43,17,-68,-48,2,-105,-45,-18,-134,-37,34,-114,-14,23,-160,-23,12,-190,-30,2,-216,-33,17,-116,2,19,-167,-6,16,-199,-12,14,-225,-13,-2,-108,12,-18,-138,-14,-20,-110,-27,-15,-91,-24,-16,-97,18,-29,-119,-7,-28,-99,-15,-25,-81,-14
339,490,0,14,-25,-45,17,-69,-49,1,-105,-44,-18,-135,-34,35,-113,-14,24,-161,-23,13,-191,-29,2,-217,-32,18,-115,3,19,-166,-3,16,-199,-8,15,-224,-8,-1,-107,14,-17,-134,-10,-18,-106,-23,-12,-88,-21,-14,-96,22,-27,-115,-1,-25,-96,-10,-22,-79,-10
339,489,0,14,-24,-45,17,-67,-50,2,-104,-46,-17,-133,-37,35,-113,-16,24,-160,-25,12,-190,-32,2,-216,-35,18,-114,2,20,-166,-6,16,-198,-12,15,-224,-13,-1,-107,12,-18,-135,-13,-20,-107,-26,-15,-89,-24,-14,-96,19,-28,-116,-4,-27,-97,-12,-24,-80,-11
340,490,0,14,-25,-46,16,-70,-50,-1,-107,-43,-18,-136,-32,34,-113,-14,23,-160,-22,12,-191,-28,1,-217,-30,17,-114,5,19,-165,-1,16,-198,-5,14,-224,-5,-2,-107,16,-19,-135,-8,-21,-107,-21,-15,-88,-20,-15,-96,24,-29,-116,1,-27,-97,-8,-24,-79,-8
340,490,0,14,-25,-46,16,-70,-50,-1,-106,-44,-19,-136,-33,34,-114,-13,23,-161,-21,12,-191,-27,2,-217,-30,17,-114,5,19,-166,0,15,-198,-5,13,-224,-5,-1,-107,16,-18,-134,-9,-19,-105,-22,-13,-87,-21,-15,-95,25,-28,-115,0,-26,-95,-9,-22,-77,-9
342,490,0,14,-23,-48,16,-67,-54,0,-104,-50,-19,-135,-41,32,-113,-16,21,-160,-24,11,-191,-31,0,-217,-33,15,-114,3,17,-165,-3,14,-198,-8,12,-224,-9,-4,-107,15,-20,-135,-10,-22,-108,-23,-16,-90,-21,-18,-97,23,-31,-116,0,-30,-98,-9,-26,-82,-9
341,490,0,15,-24,-44,17,-68,-49,0,-105,-45,-20,-135,-36,34,-113,-13,24,-160,-22,13,-191,-28,4,-217,-31,17,-114,3,18,-166,-4,15,-198,-9,15,-224,-9,-2,-106,13,-18,-134,-13,-18,-105,-25,-11,-87,-22,-16,-95,20,-29,-116,-5,-26,-95,-12,-22,-77,-11
341,490,0,14,-23,-45,17,-68,-50,1,-106,-46,-20,-135,-36,34,-113,-14,23,-160,-23,13,-190,-28,3,-216,-31,16,-114,3,18,-166,-4,16,-198,-8,15,-224,-8,-2,-107,14,-19,-135,-12,-20,-107,-24,-14,-90,-21,-17,-96,21,-30,-117,-3,-28,-97,-10,-25,-80,-9
343,488,0,15,-24,-46,16,-68,-50,-2,-105,-46,-21,-135,-36,33,-114,-11,22,-160,-19,12,-190,-24,2,-216,-26,16,-114,6,16,-166,1,14,-197,-4,13,-222,-3,-3,-105,16,-20,-134,-10,-20,-105,-23,-14,-86,-21,-17,-94,23,-30,-116,-2,-28,-95,-11,-25,-77,-11
342,489,0,14,-23,-46,17,-67,-52,0,-104,-48,-19,-134,-40,34,-113,-16,24,-159,-26,12,-189,-33,2,-216,-36,16,-114,2,19,-165,-6,16,-197,-12,14,-223,-12,-3,-106,12,-19,-134,-14,-21,-104,-26,-15,-87,-23,-17,-96,19,-30,-115,-5,-29,-95,-12,-25,-77,-11
344,487,0,14,-23,-45,15,-67,-51,-2,-103,-47,-22,-133,-38,32,-113,-14,21,-159,-22,11,-189,-28,1,-215,-30,15,-113,3,16,-165,-3,14,-197,-8,12,-222,-8,-4,-105,14,-20,-133,-12,-21,-105,-24,-16,-87,-22,-18,-94,21,-30,-114,-3,-29,-95,-12,-26,-78,-12
343,488,0,15,-22,-46,17,-66,-52,0,-103,-49,-20,-134,-40,34,-113,-15,22,-160,-24,11,-190,-30,0,-216,-33,16,-114,2,18,-166,-6,16,-198,-11,14,-224,-11,-3,-106,12,-20,-133,-15,-20,-104,-27,-14,-85,-24,-17,-94,19,-30,-115,-6,-27,-94,-14,-24,-76,-13
342,487,0,15,-23,-42,17,-68,-47,0,-105,-43,-20,-136,-35,34,-114,-13,24,-160,-22,13,-190,-28,2,-215,-31,16,-116,2,19,-167,-6,17,-198,-10,16,-224,-10,-3,-108,11,-19,-135,-15,-20,-107,-26,-14,-89,-23,-17,-97,17,-29,-116,-8,-27,-95,-15,-24,-78,-13
340,483,0,16,-24,-44,17,-69,-48,0,-105,-43,-19,-135,-33,34,-115,-11,23,-161,-19,12,-191,-24,2,-217,-27,16,-116,6,17,-167,0,15,-198,-4,15,-224,-4,-4,-108,16,-20,-134,-10,-19,-104,-22,-12,-87,-19,-18,-97,22,-30,-115,-2,-27,-93,-10,-24,-76,-9
338,483,0,18,-24,-42,20,-68,-47,2,-104,-43,-16,-134,-35,34,-113,-14,25,-160,-23,15,-190,-30,5,-216,-32,16,-115,2,18,-166,-6,17,-197,-10,16,-222,-10,-3,-107,11,-19,-132,-14,-19,-103,-26,-13,-85,-23,-18,-95,17,-29,-112,-6,-26,-93,-13,-23,-77,-12
336,479,0,17,-24,-39,19,-70,-44,1,-106,-42,-19,-135,-34,33,-116,-11,23,-163,-20,14,-193,-25,6,-218,-28,16,-118,3,17,-168,-5,16,-198,-9,17,-224,-9,-3,-110,11,-19,-135,-15,-18,-105,-26,-11,-87,-22,-18,-98,15,-30,-115,-8,-26,-93,-15,-22,-77,-12
336,479,0,17,-25,-40,19,-70,-44,1,-107,-41,-20,-136,-34,34,-114,-12,25,-162,-21,15,-192,-27,6,-218,-30,16,-116,2,17,-168,-6,15,-199,-10,15,-224,-10,-3,-109,10,-20,-134,-14,-20,-106,-24,-14,-88,-21,-17,-97,16,-30,-116,-6,-28,-96,-12,-24,-80,-10
248,434,0,14,-25,-41,18,-66,-45,3,-99,-40,-15,-124,-32,35,-113,-18,25,-158,-28,14,-186,-36,3,-211,-40,15,-113,-2,17,-159,-11,12,-190,-18,9,-215,-21,-4,-105,7,-21,-133,-17,-28,-111,-31,-27,-96,-32,-17,-93,14,-32,-112,-9,-36,-99,-20,-37,-85,-22
248,433,0,16,-26,-37,19,-68,-40,3,-101,-35,-14,-126,-27,36,-114,-16,28,-159,-26,18,-188,-33,7,-213,-37,16,-114,-3,18,-159,-11,12,-189,-18,8,-215,-21,-4,-106,5,-20,-136,-17,-31,-120,-30,-35,-111,-32,-17,-93,10,-32,-114,-11,-37,-105,-20,-43,-95,-22
248,433,0,16,-25,-36,21,-67,-39,8,-99,-35,-9,-123,-27,35,-115,-16,27,-159,-26,16,-188,-34,6,-213,-38,15,-115,-3,17,-159,-10,12,-190,-17,8,-216,-21,-5,-107,4,-19,-137,-15,-31,-125,-28,-36,-120,-30,-18,-93,9,-32,-114,-10,-38,-107,-18,-44,-100,-20
250,432,0,15,-25,-37,19,-65,-42,6,-97,-40,-10,-122,-34,35,-113,-20,27,-159,-32,17,-188,-40,7,-213,-44,15,-113,-7,19,-160,-16,14,-190,-24,11,-216,-26,-4,-106,1,-20,-136,-21,-30,-118,-33,-33,-105,-34,-17,-93,7,-32,-113,-13,-37,-103,-21,-41,-92,-22
255,430,0,13,-27,-37,16,-68,-40,0,-102,-35,-19,-128,-25,32,-113,-14,24,-158,-24,13,-187,-31,1,-211,-35,13,-113,0,15,-159,-8,10,-189,-15,6,-215,-17,-6,-104,8,-22,-132,-15,-28,-110,-29,-27,-95,-29,-18,-91,14,-33,-110,-8,-36,-96,-18,-38,-82,-19
258,430,0,12,-28,-42,15,-69,-45,0,-103,-39,-19,-129,-28,33,-115,-15,24,-160,-23,12,-189,-30,2,-213,-33,14,-113,2,15,-159,-4,9,-190,-11,6,-216,-14,-4,-105,14,-19,-134,-9,-26,-114,-25,-26,-99,-28,-16,-94,22,-29,-114,-1,-32,-102,-13,-34,-89,-17
259,430,0,12,-28,-42,15,-69,-45,0,-103,-39,-20,-128,-27,32,-114,-16,23,-160,-23,12,-189,-30,1,-213,-33,14,-113,2,15,-159,-3,9,-190,-10,5,-216,-14,-5,-105,14,-20,-135,-8,-28,-116,-24,-28,-102,-27,-16,-94,23,-29,-115,1,-33,-104,-12,-36,-93,-15
259,430,0,11,-27,-43,14,-68,-47,0,-100,-40,-18,-125,-29,33,-115,-16,22,-159,-25,11,-188,-31,0,-213,-35,14,-114,2,15,-160,-5,10,-192,-13,7,-217,-16,-4,-106,14,-21,-135,-10,-29,-113,-27,-29,-97,-30,-16,-95,23,-31,-115,-1,-35,-102,-15,-38,-90,-18
258,431,0,13,-26,-42,16,-68,-46,1,-102,-41,-19,-127,-32,34,-114,-18,25,-159,-28,13,-188,-36,2,-213,-39,15,-113,-1,16,-160,-10,11,-191,-17,7,-217,-19,-4,-105,9,-20,-133,-15,-26,-112,-29,-25,-97,-31,-16,-93,17,-30,-111,-7,-32,-98,-18,-34,-85,-21
258,431,0,13,-26,-42,16,-67,-46,1,-101,-41,-18,-127,-32,34,-114,-17,25,-159,-28,13,-188,-36,2,-213,-39,15,-114,-1,16,-160,-11,11,-191,-18,7,-218,-20,-4,-106,9,-20,-133,-17,-24,-110,-31,-22,-93,-32,-16,-94,16,-30,-112,-9,-31,-98,-20,-32,-84,-22
260,432,0,13,-25,-40,16,-66,-45,1,-100,-42,-18,-126,-35,31,-113,-19,24,-159,-29,13,-189,-38,2,-214,-42,12,-113,-4,14,-159,-13,9,-190,-21,5,-216,-25,-7,-105,5,-22,-136,-17,-30,-120,-31,-32,-108,-33,-20,-92,12,-32,-114,-9,-35,-104,-19,-38,-92,-21
260,432,0,13,-25,-42,15,-67,-46,-1,-101,-42,-20,-127,-32,31,-114,-18,22,-160,-28,11,-189,-35,0,-214,-38,12,-114,-2,15,-160,-10,10,-191,-17,7,-217,-19,-7,-105,8,-23,-134,-16,-28,-110,-31,-26,-95,-31,-19,-93,16,-32,-112,-8,-33,-98,-18,-34,-84,-20
259,431,0,13,-27,-41,15,-70,-44,-2,-103,-39,-22,-129,-28,32,-116,-14,23,-160,-23,12,-188,-29,1,-212,-32,14,-114,2,15,-160,-6,10,-190,-11,8,-216,-12,-5,-104,12,-21,-129,-14,-21,-103,-27,-15,-87,-26,-17,-91,18,-30,-109,-6,-28,-92,-16,-26,-76,-16
260,431,0,12,-27,-45,14,-69,-48,-3,-103,-42,-22,-129,-30,33,-115,-16,23,-159,-25,11,-188,-31,0,-212,-34,14,-113,3,14,-159,-4,9,-190,-10,6,-216,-12,-5,-103,15,-21,-129,-10,-23,-104,-25,-18,-88,-26,-17,-91,24,-30,-109,-1,-30,-92,-13,-28,-77,-15
260,432,0,11,-26,-41,13,-69,-44,-2,-104,-39,-21,-130,-29,30,-113,-16,22,-159,-24,12,-188,-30,1,-212,-32,13,-112,1,13,-159,-6,9,-190,-11,6,-216,-12,-5,-104,11,-21,-130,-11,-22,-105,-23,-17,-90,-23,-17,-91,19,-31,-110,-3,-29,-94,-11,-27,-79,-11
260,431,0,13,-25,-40,14,-69,-44,-2,-103,-39,-23,-129,-30,30,-112,-16,23,-158,-25,12,-187,-31,1,-211,-34,12,-111,-1,15,-159,-9,10,-190,-14,6,-215,-15,-6,-102,8,-22,-128,-15,-22,-104,-27,-17,-89,-25,-18,-90,15,-30,-109,-7,-28,-94,-14,-26,-79,-13
261,433,0,13,-26,-40,15,-70,-43,-3,-104,-38,-23,-130,-28,32,-114,-15,23,-159,-25,12,-188,-32,1,-212,-35,14,-114,0,15,-162,-9,11,-192,-15,8,-218,-15,-5,-105,8,-21,-130,-17,-21,-104,-29,-15,-87,-27,-17,-91,14,-31,-110,-10,-28,-92,-18,-25,-76,-17
261,434,0,13,-26,-40,15,-70,-43,-2,-105,-39,-22,-131,-29,33,-115,-14,24,-160,-24,12,-189,-32,1,-214,-35,14,-115,0,16,-162,-9,11,-193,-15,8,-220,-17,-4,-106,9,-20,-133,-17,-21,-106,-29,-15,-89,-27,-17,-93,15,-30,-112,-9,-28,-95,-18,-25,-78,-17
263,435,0,13,-27,-41,15,-70,-44,-2,-105,-38,-23,-130,-28,32,-115,-14,23,-161,-22,12,-190,-28,1,-215,-31,13,-114,2,13,-161,-4,8,-192,-10,5,-218,-12,-7,-106,12,-22,-134,-9,-26,-114,-23,-24,-101,-24,-19,-93,19,-32,-113,-2,-33,-100,-12,-33,-86,-13
263,436,0,13,-27,-41,14,-71,-44,-3,-106,-38,-23,-132,-28,31,-115,-15,23,-162,-23,12,-191,-29,1,-216,-32,13,-115,1,13,-162,-5,8,-193,-11,5,-219,-13,-6,-106,11,-22,-135,-11,-27,-113,-25,-24,-99,-26,-19,-94,19,-33,-114,-4,-33,-101,-14,-33,-87,-15
263,437,0,14,-29,-39,16,-72,-42,-2,-106,-36,-23,-130,-26,33,-116,-15,23,-161,-23,12,-190,-30,1,-215,-33,13,-116,0,14,-163,-7,8,-193,-13,6,-219,-15,-6,-107,9,-23,-136,-13,-29,-115,-26,-28,-101,-27,-18,-94,16,-32,-115,-6,-33,-103,-15,-34,-90,-17
264,438,0,13,-26,-43,16,-67,-49,1,-101,-46,-19,-126,-39,31,-115,-20,22,-160,-29,11,-190,-37,1,-215,-42,12,-114,-2,12,-161,-7,7,-192,-14,3,-218,-19,-7,-106,9,-20,-137,-7,-30,-132,-22,-34,-130,-26,-20,-93,17,-32,-113,1,-36,-108,-9,-41,-101,-13
265,438,0,13,-26,-42,15,-68,-46,-1,-101,-42,-20,-126,-34,29,-115,-18,20,-161,-27,9,-189,-34,-1,-214,-37,10,-115,-2,12,-161,-8,6,-192,-14,3,-218,-18,-9,-106,9,-24,-137,-11,-33,-123,-26,-35,-114,-29,-21,-94,16,-34,-115,-3,-38,-108,-14,-41,-98,-16
264,441,0,13,-27,-38,16,-69,-41,0,-103,-36,-19,-126,-28,32,-115,-15,22,-161,-26,11,-190,-33,0,-213,-36,12,-114,-1,13,-161,-8,8,-192,-14,5,-219,-15,-6,-105,8,-22,-130,-13,-28,-113,-25,-28,-103,-25,-18,-90,14,-32,-107,-6,-33,-94,-14,-34,-81,-13
264,441,0,13,-28,-38,15,-70,-42,-1,-104,-37,-20,-128,-27,31,-115,-15,22,-161,-24,11,-190,-30,1,-214,-33,12,-114,0,11,-160,-7,5,-191,-13,3,-217,-14,-7,-105,10,-22,-131,-12,-27,-111,-25,-26,-99,-25,-18,-92,16,-32,-109,-5,-32,-96,-14,-33,-83,-14
